1 0.627174 0.613403 0.0391684 0.0673572 0.64463
1 0.342874 0.396028 0.0221767 0.0374076 0.537256
1 0.335249 0.362854 0.0230568 0.0364626 0.477237
1 0.627046 0.613273 0.0393095 0.0666416 0.574897
1 0.335356 0.362878 0.0232592 0.0364564 0.534163
1 0.342984 0.396244 0.0224886 0.0372329 0.522527
0 0.59315 0.422829 0.0279235 0.040818 0.328039
0 0.35035 0.308864 0.0221348 0.0346262 0.288537
1 0.627046 0.613273 0.0393095 0.0666416 0.574897
1 0.335356 0.362878 0.0232592 0.0364564 0.534163
1 0.342984 0.396244 0.0224886 0.0372329 0.522527
0 0.59315 0.422829 0.0279235 0.040818 0.328039
0 0.35035 0.308864 0.0221348 0.0346262 0.288537
1 0.627046 0.613273 0.0393095 0.0666416 0.574897
1 0.335356 0.362878 0.0232592 0.0364564 0.534163
1 0.342984 0.396244 0.0224886 0.0372329 0.522527
0 0.59315 0.422829 0.0279235 0.040818 0.328039
0 0.35035 0.308864 0.0221348 0.0346262 0.288537
