1 0.664788 0.308313 0.044426 0.0616527 0.786902
1 0.718394 0.264309 0.0409977 0.0572007 0.724735
1 0.584557 0.203498 0.0226545 0.0336935 0.327509
1 0.664878 0.308348 0.0443358 0.0620215 0.786918
1 0.718361 0.264366 0.0412192 0.0578855 0.719886
1 0.584554 0.203553 0.022348 0.0333144 0.307429
1 0.664878 0.308348 0.0443358 0.0620215 0.786918
1 0.718361 0.264366 0.0412192 0.0578855 0.719886
1 0.584554 0.203553 0.022348 0.0333144 0.307429
1 0.664878 0.308348 0.0443358 0.0620215 0.786918
1 0.718361 0.264366 0.0412192 0.0578855 0.719886
1 0.584554 0.203553 0.022348 0.0333144 0.307429
