1 0.505043 0.352641 0.0571608 0.0769453 0.823074
3 0.449986 0.327819 0.0505989 0.11119 0.816477
1 0.383041 0.790991 0.064724 0.111105 0.806259
0 0.589038 0.960773 0.0429827 0.0549652 0.6001
1 0.256356 0.461046 0.0201147 0.0275486 0.395414
1 0.504885 0.352655 0.0565814 0.0761682 0.824147
3 0.450001 0.327911 0.0504974 0.110791 0.817032
1 0.38287 0.791272 0.0648178 0.111985 0.802096
0 0.588906 0.960919 0.0426857 0.0552767 0.646824
1 0.256348 0.460901 0.0197578 0.0269811 0.421355
1 0.329564 0.514456 0.0184948 0.0264106 0.265244
1 0.504885 0.352655 0.0565814 0.0761682 0.824147
3 0.450001 0.327911 0.0504974 0.110791 0.817032
1 0.38287 0.791272 0.0648178 0.111985 0.802096
0 0.588906 0.960919 0.0426857 0.0552767 0.646824
1 0.256348 0.460901 0.0197578 0.0269811 0.421355
1 0.329564 0.514456 0.0184948 0.0264106 0.265244
1 0.504885 0.352655 0.0565814 0.0761682 0.824147
3 0.450001 0.327911 0.0504974 0.110791 0.817032
1 0.38287 0.791272 0.0648178 0.111985 0.802096
0 0.588906 0.960919 0.0426857 0.0552767 0.646824
1 0.256348 0.460901 0.0197578 0.0269811 0.421355
1 0.329564 0.514456 0.0184948 0.0264106 0.265244
