2 0.687137 0.0920098 0.0423277 0.0653037 0.902329
2 0.62699 0.267578 0.053637 0.0513572 0.881623
2 0.41923 0.414835 0.0478811 0.0746311 0.864462
2 0.355682 0.119245 0.0410443 0.0508302 0.835187
2 0.523399 0.23275 0.0424191 0.0519977 0.835168
2 0.595399 0.79132 0.0454417 0.0611633 0.752699
2 0.605437 0.843978 0.0465393 0.0787386 0.717669
3 0.254655 0.237069 0.0564294 0.0771583 0.700625
2 0.803229 0.416195 0.0327985 0.0501587 0.66349
2 0.520359 0.162242 0.0413709 0.0463095 0.610054
3 0.155895 0.386027 0.0575866 0.0696295 0.565198
2 0.651812 0.332966 0.0307111 0.0452769 0.561758
2 0.354744 0.243398 0.0326686 0.047262 0.543959
2 0.664494 0.0308633 0.0231589 0.0258388 0.507079
2 0.377646 0.206022 0.018143 0.0297692 0.43144
2 0.542175 0.0142757 0.0401034 0.0285514 0.35762
2 0.687082 0.0919554 0.0424687 0.0653071 0.902892
2 0.626989 0.267568 0.0536123 0.0514584 0.881897
2 0.419254 0.414802 0.0481031 0.0748589 0.861867
2 0.355668 0.119126 0.0411187 0.0509798 0.835134
2 0.523406 0.232661 0.0425892 0.0523668 0.833748
2 0.59524 0.791178 0.0460892 0.0622456 0.756273
2 0.6054 0.843857 0.0466946 0.0789033 0.723127
3 0.254664 0.236965 0.0556223 0.0776062 0.699358
2 0.803188 0.416256 0.0321896 0.0492946 0.658664
2 0.520611 0.162597 0.0411053 0.0452597 0.635287
2 0.651859 0.333097 0.0309774 0.0447717 0.58413
3 0.155884 0.386145 0.0581274 0.0699956 0.546047
2 0.354724 0.243274 0.0323222 0.0476098 0.534579
2 0.664293 0.0306228 0.0233307 0.0265422 0.482977
2 0.377663 0.205988 0.0180019 0.0297568 0.445536
2 0.542245 0.0141984 0.0408346 0.0283968 0.280212
2 0.687082 0.0919554 0.0424687 0.0653071 0.902892
2 0.626989 0.267568 0.0536123 0.0514584 0.881897
2 0.419254 0.414802 0.0481031 0.0748589 0.861867
2 0.355668 0.119126 0.0411187 0.0509798 0.835134
2 0.523406 0.232661 0.0425892 0.0523668 0.833748
2 0.59524 0.791178 0.0460892 0.0622456 0.756273
2 0.6054 0.843857 0.0466946 0.0789033 0.723127
3 0.254664 0.236965 0.0556223 0.0776062 0.699358
2 0.803188 0.416256 0.0321896 0.0492946 0.658664
2 0.520611 0.162597 0.0411053 0.0452597 0.635287
2 0.651859 0.333097 0.0309774 0.0447717 0.58413
3 0.155884 0.386145 0.0581274 0.0699956 0.546047
2 0.354724 0.243274 0.0323222 0.0476098 0.534579
2 0.664293 0.0306228 0.0233307 0.0265422 0.482977
2 0.377663 0.205988 0.0180019 0.0297568 0.445536
2 0.542245 0.0141984 0.0408346 0.0283968 0.280212
2 0.687082 0.0919554 0.0424687 0.0653071 0.902892
2 0.626989 0.267568 0.0536123 0.0514584 0.881897
2 0.419254 0.414802 0.0481031 0.0748589 0.861867
2 0.355668 0.119126 0.0411187 0.0509798 0.835134
2 0.523406 0.232661 0.0425892 0.0523668 0.833748
2 0.59524 0.791178 0.0460892 0.0622456 0.756273
2 0.6054 0.843857 0.0466946 0.0789033 0.723127
3 0.254664 0.236965 0.0556223 0.0776062 0.699358
2 0.803188 0.416256 0.0321896 0.0492946 0.658664
2 0.520611 0.162597 0.0411053 0.0452597 0.635287
2 0.651859 0.333097 0.0309774 0.0447717 0.58413
3 0.155884 0.386145 0.0581274 0.0699956 0.546047
2 0.354724 0.243274 0.0323222 0.0476098 0.534579
2 0.664293 0.0306228 0.0233307 0.0265422 0.482977
2 0.377663 0.205988 0.0180019 0.0297568 0.445536
2 0.542245 0.0141984 0.0408346 0.0283968 0.280212
