4 0.326591 0.775175 0.523812 0.44127 0.715163
4 0.824886 0.827627 0.349639 0.340869 0.661422
4 0.864221 0.681965 0.271115 0.138941 0.409153
4 0.496825 0.672662 0.254846 0.255434 0.391523
4 0.329847 0.781276 0.531419 0.432328 0.718501
4 0.825975 0.81327 0.346087 0.363442 0.656893
4 0.499858 0.673962 0.251301 0.256969 0.401489
4 0.864374 0.681399 0.271249 0.137572 0.347725
4 0.0420504 0.764106 0.0841007 0.416146 0.283215
4 0.329847 0.781276 0.531419 0.432328 0.718501
4 0.825975 0.81327 0.346087 0.363442 0.656893
4 0.499858 0.673962 0.251301 0.256969 0.401489
4 0.864374 0.681399 0.271249 0.137572 0.347725
4 0.0420504 0.764106 0.0841007 0.416146 0.283215
4 0.329847 0.781276 0.531419 0.432328 0.718501
4 0.825975 0.81327 0.346087 0.363442 0.656893
4 0.499858 0.673962 0.251301 0.256969 0.401489
4 0.864374 0.681399 0.271249 0.137572 0.347725
4 0.0420504 0.764106 0.0841007 0.416146 0.283215
