0 0.605286 0.580126 0.107263 0.0990374 0.853714
4 0.812767 0.152496 0.372409 0.304992 0.793827
4 0.409798 0.400167 0.26439 0.429653 0.777756
1 0.593571 0.344836 0.061296 0.127377 0.750514
0 0.605172 0.579882 0.107112 0.0986999 0.853492
4 0.407158 0.403385 0.264198 0.432968 0.805584
4 0.814753 0.150955 0.370494 0.301911 0.759296
1 0.593393 0.344975 0.0613191 0.127543 0.745429
0 0.605172 0.579882 0.107112 0.0986999 0.853492
4 0.407158 0.403385 0.264198 0.432968 0.805584
4 0.814753 0.150955 0.370494 0.301911 0.759296
1 0.593393 0.344975 0.0613191 0.127543 0.745429
0 0.605172 0.579882 0.107112 0.0986999 0.853492
4 0.407158 0.403385 0.264198 0.432968 0.805584
4 0.814753 0.150955 0.370494 0.301911 0.759296
1 0.593393 0.344975 0.0613191 0.127543 0.745429
