2 0.480045 0.464144 0.060219 0.0525436 0.897201
2 0.558315 0.273617 0.0423645 0.0674485 0.880568
2 0.442833 0.367383 0.0343618 0.0540794 0.834618
2 0.428807 0.421147 0.0411638 0.0549848 0.818724
2 0.809503 0.619391 0.0287281 0.0439042 0.763922
2 0.306492 0.324717 0.0412737 0.06721 0.763819
2 0.537573 0.963582 0.0438227 0.0641991 0.727693
3 0.152581 0.571666 0.0515673 0.0703874 0.690934
2 0.465728 0.193308 0.0405233 0.0536089 0.677077
2 0.62551 0.146476 0.0452797 0.0624218 0.623775
3 0.221729 0.448056 0.0382573 0.0671796 0.593415
2 0.191608 0.4054 0.038576 0.0580928 0.484521
2 0.572181 0.987602 0.0290365 0.024796 0.362582
2 0.480146 0.464073 0.0603239 0.052594 0.896117
2 0.558312 0.273551 0.0424038 0.0674969 0.879547
2 0.442796 0.367417 0.0345408 0.0542254 0.835594
2 0.428747 0.421207 0.0411291 0.0551119 0.81437
2 0.306315 0.32422 0.0406256 0.0662413 0.775788
2 0.537786 0.963969 0.0441466 0.0632263 0.757781
2 0.809577 0.619386 0.0294881 0.0448235 0.757755
3 0.15241 0.572283 0.0506054 0.0681021 0.700354
2 0.465759 0.193127 0.0408356 0.053698 0.662956
2 0.62578 0.146321 0.0433715 0.0607858 0.590157
3 0.221593 0.44789 0.0375836 0.0660522 0.5683
2 0.191656 0.405931 0.0381525 0.0575611 0.511787
2 0.572441 0.987239 0.0292773 0.0255216 0.331705
2 0.480146 0.464073 0.0603239 0.052594 0.896117
2 0.558312 0.273551 0.0424038 0.0674969 0.879547
2 0.442796 0.367417 0.0345408 0.0542254 0.835594
2 0.428747 0.421207 0.0411291 0.0551119 0.81437
2 0.306315 0.32422 0.0406256 0.0662413 0.775788
2 0.537786 0.963969 0.0441466 0.0632263 0.757781
2 0.809577 0.619386 0.0294881 0.0448235 0.757755
3 0.15241 0.572283 0.0506054 0.0681021 0.700354
2 0.465759 0.193127 0.0408356 0.053698 0.662956
2 0.62578 0.146321 0.0433715 0.0607858 0.590157
3 0.221593 0.44789 0.0375836 0.0660522 0.5683
2 0.191656 0.405931 0.0381525 0.0575611 0.511787
2 0.572441 0.987239 0.0292773 0.0255216 0.331705
2 0.480146 0.464073 0.0603239 0.052594 0.896117
2 0.558312 0.273551 0.0424038 0.0674969 0.879547
2 0.442796 0.367417 0.0345408 0.0542254 0.835594
2 0.428747 0.421207 0.0411291 0.0551119 0.81437
2 0.306315 0.32422 0.0406256 0.0662413 0.775788
2 0.537786 0.963969 0.0441466 0.0632263 0.757781
2 0.809577 0.619386 0.0294881 0.0448235 0.757755
3 0.15241 0.572283 0.0506054 0.0681021 0.700354
2 0.465759 0.193127 0.0408356 0.053698 0.662956
2 0.62578 0.146321 0.0433715 0.0607858 0.590157
3 0.221593 0.44789 0.0375836 0.0660522 0.5683
2 0.191656 0.405931 0.0381525 0.0575611 0.511787
2 0.572441 0.987239 0.0292773 0.0255216 0.331705
