2 0.644733 0.305861 0.0568842 0.0734726 0.871023
2 0.484116 0.812632 0.0619129 0.0887017 0.851825
2 0.47965 0.74881 0.0486795 0.0741716 0.838069
1 0.55453 0.303662 0.048237 0.111116 0.820664
1 0.289404 0.505351 0.0255598 0.042915 0.81818
1 0.550052 0.660846 0.0435833 0.104479 0.815161
2 0.605362 0.549428 0.0371657 0.0851938 0.814093
1 0.534218 0.934977 0.0449282 0.0931638 0.800031
1 0.545657 0.102233 0.0413446 0.0826239 0.799594
0 0.53195 0.0667911 0.0237403 0.0422825 0.758873
1 0.303686 0.461672 0.0241259 0.0345416 0.725174
2 0.451582 0.0762163 0.0324682 0.0562878 0.6546
1 0.147155 0.581607 0.0154449 0.0310568 0.641287
0 0.510064 0.738073 0.0326433 0.0725001 0.637109
0 0.220669 0.597521 0.0275806 0.0278003 0.615225
3 0.0420532 0.306805 0.0184315 0.0293691 0.585708
1 0.134613 0.579584 0.0148492 0.02888 0.487072
0 0.879466 0.610343 0.0176891 0.0387655 0.444117
0 0.219982 0.549261 0.0132531 0.0236302 0.40531
0 0.242663 0.496587 0.015058 0.0233593 0.357907
1 0.163048 0.350905 0.0197217 0.0325807 0.351523
0 0.227316 0.556109 0.0132433 0.0255755 0.345301
1 0.227729 0.500022 0.011878 0.0253913 0.328509
1 0.797424 0.501693 0.0170685 0.0256418 0.300189
2 0.644555 0.305701 0.0568019 0.0734972 0.870353
2 0.484136 0.812643 0.0617733 0.0887889 0.855706
2 0.479616 0.748857 0.0486607 0.0744932 0.842501
1 0.289437 0.505385 0.0252264 0.042771 0.824435
1 0.554589 0.303592 0.0481131 0.111068 0.819205
1 0.534096 0.935014 0.044769 0.0931758 0.815173
1 0.550028 0.660761 0.0437157 0.10454 0.81316
2 0.605356 0.549369 0.0371251 0.0852572 0.811252
1 0.545558 0.102417 0.0414843 0.0829545 0.80867
0 0.531974 0.0665165 0.0238087 0.0426216 0.766604
1 0.303763 0.461579 0.0244422 0.0349986 0.729298
2 0.451658 0.0762824 0.0322459 0.0561816 0.679904
1 0.147138 0.581712 0.0154438 0.0312972 0.63991
0 0.51007 0.738008 0.0325918 0.0726067 0.638396
3 0.0420438 0.306757 0.0182007 0.0297001 0.626064
0 0.220683 0.597699 0.0275624 0.0282958 0.586336
1 0.134627 0.579638 0.0147369 0.0289408 0.477797
0 0.87947 0.610315 0.017597 0.0385629 0.458369
0 0.219968 0.549271 0.0132148 0.0234478 0.403919
1 0.162946 0.351171 0.0196696 0.0328358 0.368401
1 0.227707 0.500003 0.0118207 0.0251545 0.358599
0 0.242684 0.496612 0.0149954 0.023177 0.346857
0 0.227315 0.556166 0.0131375 0.0252798 0.339277
1 0.546474 0.98493 0.0378251 0.0299664 0.314706
1 0.25919 0.436049 0.0116537 0.0240718 0.292801
0 0.25299 0.492353 0.00993757 0.019326 0.289589
1 0.797374 0.501662 0.0170609 0.0256205 0.277374
0 0.215185 0.495272 0.016523 0.0226424 0.258384
2 0.644555 0.305701 0.0568019 0.0734972 0.870353
2 0.484136 0.812643 0.0617733 0.0887889 0.855706
2 0.479616 0.748857 0.0486607 0.0744932 0.842501
1 0.289437 0.505385 0.0252264 0.042771 0.824435
1 0.554589 0.303592 0.0481131 0.111068 0.819205
1 0.534096 0.935014 0.044769 0.0931758 0.815173
1 0.550028 0.660761 0.0437157 0.10454 0.81316
2 0.605356 0.549369 0.0371251 0.0852572 0.811252
1 0.545558 0.102417 0.0414843 0.0829545 0.80867
0 0.531974 0.0665165 0.0238087 0.0426216 0.766604
1 0.303763 0.461579 0.0244422 0.0349986 0.729298
2 0.451658 0.0762824 0.0322459 0.0561816 0.679904
1 0.147138 0.581712 0.0154438 0.0312972 0.63991
0 0.51007 0.738008 0.0325918 0.0726067 0.638396
3 0.0420438 0.306757 0.0182007 0.0297001 0.626064
0 0.220683 0.597699 0.0275624 0.0282958 0.586336
1 0.134627 0.579638 0.0147369 0.0289408 0.477797
0 0.87947 0.610315 0.017597 0.0385629 0.458369
0 0.219968 0.549271 0.0132148 0.0234478 0.403919
1 0.162946 0.351171 0.0196696 0.0328358 0.368401
1 0.227707 0.500003 0.0118207 0.0251545 0.358599
0 0.242684 0.496612 0.0149954 0.023177 0.346857
0 0.227315 0.556166 0.0131375 0.0252798 0.339277
1 0.546474 0.98493 0.0378251 0.0299664 0.314706
1 0.25919 0.436049 0.0116537 0.0240718 0.292801
0 0.25299 0.492353 0.00993757 0.019326 0.289589
1 0.797374 0.501662 0.0170609 0.0256205 0.277374
0 0.215185 0.495272 0.016523 0.0226424 0.258384
2 0.644555 0.305701 0.0568019 0.0734972 0.870353
2 0.484136 0.812643 0.0617733 0.0887889 0.855706
2 0.479616 0.748857 0.0486607 0.0744932 0.842501
1 0.289437 0.505385 0.0252264 0.042771 0.824435
1 0.554589 0.303592 0.0481131 0.111068 0.819205
1 0.534096 0.935014 0.044769 0.0931758 0.815173
1 0.550028 0.660761 0.0437157 0.10454 0.81316
2 0.605356 0.549369 0.0371251 0.0852572 0.811252
1 0.545558 0.102417 0.0414843 0.0829545 0.80867
0 0.531974 0.0665165 0.0238087 0.0426216 0.766604
1 0.303763 0.461579 0.0244422 0.0349986 0.729298
2 0.451658 0.0762824 0.0322459 0.0561816 0.679904
1 0.147138 0.581712 0.0154438 0.0312972 0.63991
0 0.51007 0.738008 0.0325918 0.0726067 0.638396
3 0.0420438 0.306757 0.0182007 0.0297001 0.626064
0 0.220683 0.597699 0.0275624 0.0282958 0.586336
1 0.134627 0.579638 0.0147369 0.0289408 0.477797
0 0.87947 0.610315 0.017597 0.0385629 0.458369
0 0.219968 0.549271 0.0132148 0.0234478 0.403919
1 0.162946 0.351171 0.0196696 0.0328358 0.368401
1 0.227707 0.500003 0.0118207 0.0251545 0.358599
0 0.242684 0.496612 0.0149954 0.023177 0.346857
0 0.227315 0.556166 0.0131375 0.0252798 0.339277
1 0.546474 0.98493 0.0378251 0.0299664 0.314706
1 0.25919 0.436049 0.0116537 0.0240718 0.292801
0 0.25299 0.492353 0.00993757 0.019326 0.289589
1 0.797374 0.501662 0.0170609 0.0256205 0.277374
0 0.215185 0.495272 0.016523 0.0226424 0.258384
