1 0.673628 0.46651 0.059025 0.0950379 0.790657
0 0.664852 0.597429 0.0372892 0.0560075 0.738159
2 0.429384 0.415661 0.0366707 0.065914 0.732475
0 0.733916 0.608 0.0264387 0.0445605 0.635369
1 0.409097 0.478724 0.0255091 0.0540462 0.608157
1 0.378343 0.487666 0.0208685 0.0417442 0.380991
1 0.673656 0.466438 0.0594868 0.0956529 0.792885
0 0.664791 0.597516 0.0377102 0.0562829 0.736621
2 0.429324 0.415604 0.0369553 0.0658384 0.729847
0 0.733887 0.60789 0.0267584 0.0454684 0.63281
1 0.409259 0.478714 0.0261509 0.0544235 0.60912
1 0.378311 0.487695 0.0210292 0.042007 0.348438
1 0.673656 0.466438 0.0594868 0.0956529 0.792885
0 0.664791 0.597516 0.0377102 0.0562829 0.736621
2 0.429324 0.415604 0.0369553 0.0658384 0.729847
0 0.733887 0.60789 0.0267584 0.0454684 0.63281
1 0.409259 0.478714 0.0261509 0.0544235 0.60912
1 0.378311 0.487695 0.0210292 0.042007 0.348438
1 0.673656 0.466438 0.0594868 0.0956529 0.792885
0 0.664791 0.597516 0.0377102 0.0562829 0.736621
2 0.429324 0.415604 0.0369553 0.0658384 0.729847
0 0.733887 0.60789 0.0267584 0.0454684 0.63281
1 0.409259 0.478714 0.0261509 0.0544235 0.60912
1 0.378311 0.487695 0.0210292 0.042007 0.348438
