1 0.576826 0.690317 0.0267736 0.0474826 0.660236
1 0.611396 0.714254 0.0285795 0.0532813 0.659436
0 0.468452 0.608505 0.0257961 0.041968 0.324564
1 0.57699 0.690012 0.0258523 0.0464902 0.666167
1 0.611505 0.714232 0.0278611 0.0525445 0.652084
0 0.468655 0.608488 0.0243044 0.0405719 0.366489
1 0.57699 0.690012 0.0258523 0.0464902 0.666167
1 0.611505 0.714232 0.0278611 0.0525445 0.652084
0 0.468655 0.608488 0.0243044 0.0405719 0.366489
1 0.57699 0.690012 0.0258523 0.0464902 0.666167
1 0.611505 0.714232 0.0278611 0.0525445 0.652084
0 0.468655 0.608488 0.0243044 0.0405719 0.366489
