0 0.197109 0.501245 0.028171 0.0458937 0.746849
0 0.265048 0.405866 0.0259047 0.0429711 0.741976
2 0.700023 0.266185 0.0392648 0.0681372 0.722446
0 0.11742 0.391831 0.0213948 0.0372715 0.542189
0 0.691397 0.487882 0.0170602 0.0282331 0.508845
0 0.607685 0.277209 0.0363676 0.0664365 0.475717
1 0.607954 0.277407 0.0362918 0.0664525 0.353847
0 0.197072 0.501345 0.0281354 0.0458559 0.753715
0 0.265022 0.405824 0.0257932 0.0428712 0.748307
2 0.699895 0.266217 0.0394297 0.0681275 0.744128
0 0.117456 0.391761 0.0214218 0.0372307 0.554289
0 0.691628 0.488307 0.0176598 0.0294651 0.523139
0 0.607675 0.277177 0.0367704 0.0670248 0.456167
1 0.607968 0.277443 0.0363792 0.0668213 0.37487
0 0.197072 0.501345 0.0281354 0.0458559 0.753715
0 0.265022 0.405824 0.0257932 0.0428712 0.748307
2 0.699895 0.266217 0.0394297 0.0681275 0.744128
0 0.117456 0.391761 0.0214218 0.0372307 0.554289
0 0.691628 0.488307 0.0176598 0.0294651 0.523139
0 0.607675 0.277177 0.0367704 0.0670248 0.456167
1 0.607968 0.277443 0.0363792 0.0668213 0.37487
0 0.197072 0.501345 0.0281354 0.0458559 0.753715
0 0.265022 0.405824 0.0257932 0.0428712 0.748307
2 0.699895 0.266217 0.0394297 0.0681275 0.744128
0 0.117456 0.391761 0.0214218 0.0372307 0.554289
0 0.691628 0.488307 0.0176598 0.0294651 0.523139
0 0.607675 0.277177 0.0367704 0.0670248 0.456167
1 0.607968 0.277443 0.0363792 0.0668213 0.37487
