1 0.90595 0.676112 0.0456802 0.113013 0.780853
3 0.513067 0.402762 0.0296297 0.0559217 0.758685
3 0.345226 0.393765 0.0241698 0.0571136 0.756762
3 0.444941 0.285045 0.0380262 0.056897 0.741697
3 0.511448 0.791213 0.0339743 0.0555624 0.717025
3 0.292736 0.254973 0.0317153 0.0547105 0.716119
2 0.196884 0.343217 0.0382153 0.0585402 0.715397
2 0.580931 0.199256 0.0356304 0.0575261 0.713624
3 0.568278 0.616581 0.036532 0.058278 0.694912
2 0.714142 0.284486 0.0244555 0.0548048 0.687273
2 0.579066 0.313992 0.0293684 0.0546307 0.676833
3 0.56738 0.705046 0.0377085 0.0688688 0.66984
3 0.435913 0.410796 0.0192287 0.0488052 0.669819
3 0.478954 0.391591 0.0236467 0.0360539 0.661355
3 0.415519 0.415695 0.0235851 0.0560373 0.658742
2 0.0272047 0.709676 0.0264057 0.0471452 0.658558
3 0.326758 0.388176 0.0200279 0.0397835 0.637525
3 0.472489 0.444985 0.0212009 0.0392867 0.615122
0 0.891027 0.513573 0.0297152 0.0737981 0.590447
2 0.240326 0.498786 0.018259 0.0338682 0.590045
1 0.526686 0.56897 0.0201508 0.0442474 0.582237
2 0.482114 0.651745 0.0198383 0.0342194 0.551308
2 0.511053 0.571465 0.0174093 0.037226 0.547643
3 0.660269 0.648039 0.0226091 0.0398268 0.522362
2 0.485401 0.518588 0.0197611 0.0352222 0.474164
3 0.597173 0.66565 0.0206539 0.0361732 0.470455
2 0.104393 0.302842 0.0229195 0.0354518 0.402156
3 0.454306 0.426758 0.0171913 0.0304657 0.376872
1 0.891872 0.1587 0.024493 0.0552009 0.30132
1 0.906343 0.67657 0.047002 0.112819 0.78569
3 0.345179 0.393657 0.0240534 0.0569172 0.757921
3 0.513074 0.402845 0.0296129 0.0555103 0.749673
3 0.444921 0.285123 0.0376036 0.0564876 0.744758
2 0.19672 0.343234 0.0384284 0.0586946 0.721855
3 0.292806 0.254867 0.0313216 0.0543302 0.7195
2 0.714067 0.284048 0.0231697 0.0547596 0.707886
2 0.580894 0.199152 0.0353814 0.0573553 0.704208
3 0.511472 0.791151 0.0337166 0.0551809 0.702992
3 0.568276 0.616708 0.0365656 0.058166 0.69149
3 0.436155 0.410684 0.0196106 0.0486889 0.670684
2 0.579048 0.313927 0.029558 0.0546821 0.668764
3 0.56727 0.705119 0.037099 0.0684404 0.666755
2 0.0272648 0.709788 0.0268025 0.0470824 0.664055
3 0.478943 0.391671 0.0236441 0.0356696 0.658138
3 0.415561 0.415686 0.0238688 0.0562167 0.657996
3 0.326756 0.388157 0.0199428 0.0396792 0.634935
3 0.472469 0.444963 0.0213345 0.03947 0.606663
2 0.240376 0.498875 0.0180597 0.0336304 0.581075
2 0.482108 0.651769 0.0196575 0.0341115 0.574282
0 0.891188 0.513639 0.0302475 0.074122 0.573319
1 0.526674 0.568955 0.0201185 0.0440225 0.560874
2 0.511042 0.571496 0.0172894 0.0368831 0.533144
3 0.660266 0.648186 0.0227428 0.0400949 0.524277
3 0.597169 0.66564 0.0205183 0.0360049 0.462059
2 0.485412 0.518681 0.0197229 0.0351665 0.459885
2 0.10438 0.302845 0.022994 0.0353861 0.430007
3 0.454287 0.426877 0.0171951 0.0300613 0.355116
1 0.89179 0.15882 0.0247852 0.0544253 0.31965
2 0.729721 0.284177 0.0209605 0.0500427 0.262434
1 0.238569 0.233929 0.0160373 0.031418 0.258946
1 0.906343 0.67657 0.047002 0.112819 0.78569
3 0.345179 0.393657 0.0240534 0.0569172 0.757921
3 0.513074 0.402845 0.0296129 0.0555103 0.749673
3 0.444921 0.285123 0.0376036 0.0564876 0.744758
2 0.19672 0.343234 0.0384284 0.0586946 0.721855
3 0.292806 0.254867 0.0313216 0.0543302 0.7195
2 0.714067 0.284048 0.0231697 0.0547596 0.707886
2 0.580894 0.199152 0.0353814 0.0573553 0.704208
3 0.511472 0.791151 0.0337166 0.0551809 0.702992
3 0.568276 0.616708 0.0365656 0.058166 0.69149
3 0.436155 0.410684 0.0196106 0.0486889 0.670684
2 0.579048 0.313927 0.029558 0.0546821 0.668764
3 0.56727 0.705119 0.037099 0.0684404 0.666755
2 0.0272648 0.709788 0.0268025 0.0470824 0.664055
3 0.478943 0.391671 0.0236441 0.0356696 0.658138
3 0.415561 0.415686 0.0238688 0.0562167 0.657996
3 0.326756 0.388157 0.0199428 0.0396792 0.634935
3 0.472469 0.444963 0.0213345 0.03947 0.606663
2 0.240376 0.498875 0.0180597 0.0336304 0.581075
2 0.482108 0.651769 0.0196575 0.0341115 0.574282
0 0.891188 0.513639 0.0302475 0.074122 0.573319
1 0.526674 0.568955 0.0201185 0.0440225 0.560874
2 0.511042 0.571496 0.0172894 0.0368831 0.533144
3 0.660266 0.648186 0.0227428 0.0400949 0.524277
3 0.597169 0.66564 0.0205183 0.0360049 0.462059
2 0.485412 0.518681 0.0197229 0.0351665 0.459885
2 0.10438 0.302845 0.022994 0.0353861 0.430007
3 0.454287 0.426877 0.0171951 0.0300613 0.355116
1 0.89179 0.15882 0.0247852 0.0544253 0.31965
2 0.729721 0.284177 0.0209605 0.0500427 0.262434
1 0.238569 0.233929 0.0160373 0.031418 0.258946
1 0.906343 0.67657 0.047002 0.112819 0.78569
3 0.345179 0.393657 0.0240534 0.0569172 0.757921
3 0.513074 0.402845 0.0296129 0.0555103 0.749673
3 0.444921 0.285123 0.0376036 0.0564876 0.744758
2 0.19672 0.343234 0.0384284 0.0586946 0.721855
3 0.292806 0.254867 0.0313216 0.0543302 0.7195
2 0.714067 0.284048 0.0231697 0.0547596 0.707886
2 0.580894 0.199152 0.0353814 0.0573553 0.704208
3 0.511472 0.791151 0.0337166 0.0551809 0.702992
3 0.568276 0.616708 0.0365656 0.058166 0.69149
3 0.436155 0.410684 0.0196106 0.0486889 0.670684
2 0.579048 0.313927 0.029558 0.0546821 0.668764
3 0.56727 0.705119 0.037099 0.0684404 0.666755
2 0.0272648 0.709788 0.0268025 0.0470824 0.664055
3 0.478943 0.391671 0.0236441 0.0356696 0.658138
3 0.415561 0.415686 0.0238688 0.0562167 0.657996
3 0.326756 0.388157 0.0199428 0.0396792 0.634935
3 0.472469 0.444963 0.0213345 0.03947 0.606663
2 0.240376 0.498875 0.0180597 0.0336304 0.581075
2 0.482108 0.651769 0.0196575 0.0341115 0.574282
0 0.891188 0.513639 0.0302475 0.074122 0.573319
1 0.526674 0.568955 0.0201185 0.0440225 0.560874
2 0.511042 0.571496 0.0172894 0.0368831 0.533144
3 0.660266 0.648186 0.0227428 0.0400949 0.524277
3 0.597169 0.66564 0.0205183 0.0360049 0.462059
2 0.485412 0.518681 0.0197229 0.0351665 0.459885
2 0.10438 0.302845 0.022994 0.0353861 0.430007
3 0.454287 0.426877 0.0171951 0.0300613 0.355116
1 0.89179 0.15882 0.0247852 0.0544253 0.31965
2 0.729721 0.284177 0.0209605 0.0500427 0.262434
1 0.238569 0.233929 0.0160373 0.031418 0.258946
