0 0.664465 0.800118 0.0229919 0.0498068 0.755202
0 0.60738 0.822438 0.0220512 0.0435617 0.73634
0 0.691847 0.51238 0.0225859 0.0321349 0.715792
0 0.669919 0.662413 0.0216898 0.0368117 0.704193
0 0.631451 0.782135 0.0169989 0.0358167 0.695668
0 0.660724 0.686191 0.0210085 0.0395087 0.678728
0 0.769076 0.52824 0.0158587 0.0280342 0.677672
0 0.644459 0.771251 0.020958 0.0356122 0.676775
0 0.656853 0.719824 0.0169532 0.0405424 0.640998
0 0.642373 0.736332 0.0184739 0.0408456 0.574918
0 0.686797 0.590318 0.0162968 0.0350417 0.56782
0 0.707927 0.543194 0.015044 0.0339426 0.561191
0 0.71613 0.470752 0.0160258 0.0280396 0.435266
0 0.664389 0.800234 0.0236753 0.0500604 0.758581
0 0.607275 0.822281 0.0223383 0.0438407 0.721298
0 0.6919 0.512396 0.0232703 0.0327616 0.699384
0 0.670015 0.662338 0.0219797 0.0375718 0.699326
0 0.660717 0.686151 0.0211694 0.0398623 0.696342
0 0.631531 0.782096 0.0174047 0.0359415 0.685163
0 0.644457 0.770948 0.0213018 0.0356126 0.670063
0 0.656851 0.719857 0.0170229 0.0407299 0.660321
0 0.769119 0.528237 0.0164581 0.0284996 0.656984
0 0.68684 0.590375 0.0166491 0.0354868 0.582886
0 0.642405 0.736345 0.0189205 0.0411847 0.574348
0 0.707945 0.543287 0.0152396 0.0341419 0.536892
0 0.716111 0.470798 0.0161747 0.0283842 0.373907
0 0.664389 0.800234 0.0236753 0.0500604 0.758581
0 0.607275 0.822281 0.0223383 0.0438407 0.721298
0 0.6919 0.512396 0.0232703 0.0327616 0.699384
0 0.670015 0.662338 0.0219797 0.0375718 0.699326
0 0.660717 0.686151 0.0211694 0.0398623 0.696342
0 0.631531 0.782096 0.0174047 0.0359415 0.685163
0 0.644457 0.770948 0.0213018 0.0356126 0.670063
0 0.656851 0.719857 0.0170229 0.0407299 0.660321
0 0.769119 0.528237 0.0164581 0.0284996 0.656984
0 0.68684 0.590375 0.0166491 0.0354868 0.582886
0 0.642405 0.736345 0.0189205 0.0411847 0.574348
0 0.707945 0.543287 0.0152396 0.0341419 0.536892
0 0.716111 0.470798 0.0161747 0.0283842 0.373907
0 0.664389 0.800234 0.0236753 0.0500604 0.758581
0 0.607275 0.822281 0.0223383 0.0438407 0.721298
0 0.6919 0.512396 0.0232703 0.0327616 0.699384
0 0.670015 0.662338 0.0219797 0.0375718 0.699326
0 0.660717 0.686151 0.0211694 0.0398623 0.696342
0 0.631531 0.782096 0.0174047 0.0359415 0.685163
0 0.644457 0.770948 0.0213018 0.0356126 0.670063
0 0.656851 0.719857 0.0170229 0.0407299 0.660321
0 0.769119 0.528237 0.0164581 0.0284996 0.656984
0 0.68684 0.590375 0.0166491 0.0354868 0.582886
0 0.642405 0.736345 0.0189205 0.0411847 0.574348
0 0.707945 0.543287 0.0152396 0.0341419 0.536892
0 0.716111 0.470798 0.0161747 0.0283842 0.373907
