0 0.698119 0.711643 0.0600426 0.088982 0.791475
1 0.539956 0.306897 0.0947332 0.153193 0.766984
1 0.711784 0.338225 0.0688549 0.124217 0.755244
0 0.638397 0.0686423 0.0560009 0.108806 0.682971
0 0.698254 0.7115 0.0600525 0.0891677 0.798432
1 0.539214 0.307243 0.0956021 0.154725 0.766923
1 0.711873 0.338138 0.0689419 0.123672 0.756968
0 0.638754 0.0696482 0.0503788 0.105429 0.700086
0 0.698254 0.7115 0.0600525 0.0891677 0.798432
1 0.539214 0.307243 0.0956021 0.154725 0.766923
1 0.711873 0.338138 0.0689419 0.123672 0.756968
0 0.638754 0.0696482 0.0503788 0.105429 0.700086
0 0.698254 0.7115 0.0600525 0.0891677 0.798432
1 0.539214 0.307243 0.0956021 0.154725 0.766923
1 0.711873 0.338138 0.0689419 0.123672 0.756968
0 0.638754 0.0696482 0.0503788 0.105429 0.700086
