0 0.506281 0.501609 0.0736008 0.0580134 0.894841
0 0.502451 0.470051 0.0541265 0.0444222 0.75799
0 0.460455 0.516785 0.0402719 0.0745136 0.680383
0 0.506283 0.50145 0.0736148 0.0576662 0.894258
0 0.502376 0.470035 0.0540004 0.0444466 0.754976
0 0.460785 0.516534 0.0402884 0.0738645 0.675882
0 0.506283 0.50145 0.0736148 0.0576662 0.894258
0 0.502376 0.470035 0.0540004 0.0444466 0.754976
0 0.460785 0.516534 0.0402884 0.0738645 0.675882
0 0.506283 0.50145 0.0736148 0.0576662 0.894258
0 0.502376 0.470035 0.0540004 0.0444466 0.754976
0 0.460785 0.516534 0.0402884 0.0738645 0.675882
