1 0.478125 0.869455 0.0525918 0.0739609 0.799017
0 0.462573 0.521707 0.029925 0.0663246 0.749175
0 0.490242 0.914304 0.0465397 0.0555315 0.745562
1 0.706656 0.437034 0.0345056 0.0810269 0.736649
0 0.520344 0.930717 0.0300686 0.0703709 0.735166
0 0.565257 0.673639 0.0298321 0.0562033 0.730137
1 0.409635 0.483379 0.0351127 0.0717298 0.72333
1 0.675298 0.442915 0.0335586 0.099024 0.708109
0 0.541417 0.45513 0.0308239 0.0699118 0.707727
1 0.453925 0.804492 0.0764198 0.055545 0.696803
1 0.62231 0.46001 0.0327367 0.0915462 0.65779
1 0.387343 0.557167 0.0420558 0.0953218 0.652977
1 0.417757 0.521816 0.0318098 0.082555 0.582396
0 0.480954 0.695942 0.0243177 0.0184955 0.582353
1 0.565992 0.297486 0.0675707 0.033826 0.550034
0 0.476536 0.771131 0.0263756 0.0240915 0.535171
1 0.344239 0.588491 0.0394114 0.107377 0.522972
0 0.49149 0.820357 0.0188604 0.0408452 0.421468
0 0.479641 0.868778 0.0549643 0.0757861 0.413235
0 0.534339 0.63752 0.0199339 0.0339933 0.31627
1 0.47799 0.869424 0.0529924 0.0741854 0.779047
0 0.490125 0.914374 0.046796 0.0555068 0.750738
0 0.462633 0.52192 0.0307039 0.0674572 0.731763
0 0.52055 0.9307 0.0311481 0.0707412 0.729631
0 0.565406 0.672946 0.0320923 0.0574392 0.729349
1 0.675052 0.443147 0.0337082 0.0989798 0.716133
0 0.54149 0.45514 0.0316397 0.0707329 0.703188
1 0.70673 0.436903 0.0348465 0.0810983 0.684306
1 0.40955 0.483378 0.0355199 0.0722004 0.676615
1 0.453869 0.804333 0.0769149 0.0560437 0.664861
1 0.622177 0.459954 0.0334599 0.0921593 0.639223
1 0.38726 0.557032 0.0429776 0.0962543 0.632326
1 0.417754 0.521779 0.032066 0.0829876 0.571131
0 0.480346 0.69631 0.0245391 0.0219924 0.554147
1 0.565896 0.297487 0.0675142 0.0340515 0.521865
0 0.476542 0.771055 0.0266953 0.0241333 0.489534
1 0.34419 0.588191 0.0402656 0.109389 0.478433
0 0.344056 0.587999 0.0401621 0.110245 0.464495
0 0.479483 0.868736 0.0553126 0.0761399 0.435398
0 0.4916 0.820332 0.0190563 0.0411044 0.423484
0 0.534337 0.637611 0.020113 0.034561 0.308521
1 0.47799 0.869424 0.0529924 0.0741854 0.779047
0 0.490125 0.914374 0.046796 0.0555068 0.750738
0 0.462633 0.52192 0.0307039 0.0674572 0.731763
0 0.52055 0.9307 0.0311481 0.0707412 0.729631
0 0.565406 0.672946 0.0320923 0.0574392 0.729349
1 0.675052 0.443147 0.0337082 0.0989798 0.716133
0 0.54149 0.45514 0.0316397 0.0707329 0.703188
1 0.70673 0.436903 0.0348465 0.0810983 0.684306
1 0.40955 0.483378 0.0355199 0.0722004 0.676615
1 0.453869 0.804333 0.0769149 0.0560437 0.664861
1 0.622177 0.459954 0.0334599 0.0921593 0.639223
1 0.38726 0.557032 0.0429776 0.0962543 0.632326
1 0.417754 0.521779 0.032066 0.0829876 0.571131
0 0.480346 0.69631 0.0245391 0.0219924 0.554147
1 0.565896 0.297487 0.0675142 0.0340515 0.521865
0 0.476542 0.771055 0.0266953 0.0241333 0.489534
1 0.34419 0.588191 0.0402656 0.109389 0.478433
0 0.344056 0.587999 0.0401621 0.110245 0.464495
0 0.479483 0.868736 0.0553126 0.0761399 0.435398
0 0.4916 0.820332 0.0190563 0.0411044 0.423484
0 0.534337 0.637611 0.020113 0.034561 0.308521
1 0.47799 0.869424 0.0529924 0.0741854 0.779047
0 0.490125 0.914374 0.046796 0.0555068 0.750738
0 0.462633 0.52192 0.0307039 0.0674572 0.731763
0 0.52055 0.9307 0.0311481 0.0707412 0.729631
0 0.565406 0.672946 0.0320923 0.0574392 0.729349
1 0.675052 0.443147 0.0337082 0.0989798 0.716133
0 0.54149 0.45514 0.0316397 0.0707329 0.703188
1 0.70673 0.436903 0.0348465 0.0810983 0.684306
1 0.40955 0.483378 0.0355199 0.0722004 0.676615
1 0.453869 0.804333 0.0769149 0.0560437 0.664861
1 0.622177 0.459954 0.0334599 0.0921593 0.639223
1 0.38726 0.557032 0.0429776 0.0962543 0.632326
1 0.417754 0.521779 0.032066 0.0829876 0.571131
0 0.480346 0.69631 0.0245391 0.0219924 0.554147
1 0.565896 0.297487 0.0675142 0.0340515 0.521865
0 0.476542 0.771055 0.0266953 0.0241333 0.489534
1 0.34419 0.588191 0.0402656 0.109389 0.478433
0 0.344056 0.587999 0.0401621 0.110245 0.464495
0 0.479483 0.868736 0.0553126 0.0761399 0.435398
0 0.4916 0.820332 0.0190563 0.0411044 0.423484
0 0.534337 0.637611 0.020113 0.034561 0.308521
