1 0.364779 0.27928 0.0974974 0.137305 0.848793
0 0.516101 0.57103 0.0750409 0.103584 0.763461
0 0.495819 0.290562 0.056871 0.0446904 0.746743
0 0.476292 0.180036 0.0509634 0.0292517 0.739589
0 0.632564 0.915853 0.0399633 0.0722941 0.730747
0 0.469478 0.210544 0.0365889 0.0515806 0.725
0 0.393469 0.0870696 0.0405651 0.0600805 0.716643
0 0.614494 0.929131 0.0295052 0.0618991 0.686181
0 0.387045 0.18907 0.0421727 0.0721317 0.414261
0 0.589072 0.661352 0.049408 0.0396092 0.392346
1 0.386192 0.188713 0.0437365 0.0749105 0.357604
1 0.364839 0.279406 0.0975028 0.137187 0.848278
0 0.516502 0.571324 0.0741106 0.103028 0.772333
0 0.495797 0.29057 0.0567842 0.0444343 0.741482
0 0.476366 0.179954 0.051146 0.0294643 0.738768
0 0.632819 0.915773 0.0401878 0.0712642 0.729188
0 0.39366 0.0872066 0.0408434 0.0603408 0.727335
0 0.469479 0.210626 0.0365644 0.0515888 0.724144
0 0.614549 0.929401 0.0291311 0.0608168 0.693067
0 0.589032 0.661508 0.0489479 0.0386568 0.457728
0 0.387184 0.18896 0.04249 0.0722266 0.400133
1 0.3864 0.188716 0.0438523 0.074959 0.377481
1 0.466348 0.717959 0.0423775 0.0931286 0.279897
1 0.364839 0.279406 0.0975028 0.137187 0.848278
0 0.516502 0.571324 0.0741106 0.103028 0.772333
0 0.495797 0.29057 0.0567842 0.0444343 0.741482
0 0.476366 0.179954 0.051146 0.0294643 0.738768
0 0.632819 0.915773 0.0401878 0.0712642 0.729188
0 0.39366 0.0872066 0.0408434 0.0603408 0.727335
0 0.469479 0.210626 0.0365644 0.0515888 0.724144
0 0.614549 0.929401 0.0291311 0.0608168 0.693067
0 0.589032 0.661508 0.0489479 0.0386568 0.457728
0 0.387184 0.18896 0.04249 0.0722266 0.400133
1 0.3864 0.188716 0.0438523 0.074959 0.377481
1 0.466348 0.717959 0.0423775 0.0931286 0.279897
1 0.364839 0.279406 0.0975028 0.137187 0.848278
0 0.516502 0.571324 0.0741106 0.103028 0.772333
0 0.495797 0.29057 0.0567842 0.0444343 0.741482
0 0.476366 0.179954 0.051146 0.0294643 0.738768
0 0.632819 0.915773 0.0401878 0.0712642 0.729188
0 0.39366 0.0872066 0.0408434 0.0603408 0.727335
0 0.469479 0.210626 0.0365644 0.0515888 0.724144
0 0.614549 0.929401 0.0291311 0.0608168 0.693067
0 0.589032 0.661508 0.0489479 0.0386568 0.457728
0 0.387184 0.18896 0.04249 0.0722266 0.400133
1 0.3864 0.188716 0.0438523 0.074959 0.377481
1 0.466348 0.717959 0.0423775 0.0931286 0.279897
