0 0.432091 0.585724 0.0311082 0.0449169 0.83717
0 0.556557 0.480604 0.0380416 0.0537851 0.770416
1 0.501568 0.244408 0.0241858 0.0431267 0.317311
0 0.432122 0.585797 0.031197 0.0451085 0.833459
0 0.556577 0.480771 0.0378204 0.053598 0.753586
1 0.501644 0.244374 0.024078 0.0431279 0.413457
0 0.432122 0.585797 0.031197 0.0451085 0.833459
0 0.556577 0.480771 0.0378204 0.053598 0.753586
1 0.501644 0.244374 0.024078 0.0431279 0.413457
0 0.432122 0.585797 0.031197 0.0451085 0.833459
0 0.556577 0.480771 0.0378204 0.053598 0.753586
1 0.501644 0.244374 0.024078 0.0431279 0.413457
