1 0.728915 0.31499 0.0652652 0.114317 0.880766
1 0.736597 0.505018 0.0596426 0.0825344 0.873851
1 0.772647 0.450176 0.070219 0.123472 0.862239
1 0.735476 0.639398 0.0676971 0.138028 0.845743
2 0.634235 0.631727 0.0668546 0.142353 0.839864
2 0.716753 0.423995 0.0655159 0.108324 0.824088
1 0.952514 0.260642 0.0290462 0.052922 0.750013
1 0.653655 0.426914 0.0407902 0.0857089 0.657901
1 0.945509 0.228443 0.0344 0.0275368 0.625775
0 0.848856 0.168782 0.0209778 0.039555 0.568867
1 0.601715 0.761567 0.0315434 0.093523 0.529248
0 0.979057 0.135212 0.0281042 0.0460989 0.524265
0 0.327885 0.49131 0.0178656 0.0374103 0.503803
1 0.373033 0.434103 0.0178609 0.0319474 0.457722
0 0.968684 0.535593 0.0257803 0.044123 0.456708
0 0.362086 0.0575564 0.0174131 0.036882 0.444826
1 0.988381 0.251414 0.022198 0.0436259 0.425334
0 0.341301 0.502446 0.0172245 0.0402215 0.424156
0 0.914042 0.521578 0.0290977 0.0362197 0.335075
0 0.758188 0.13467 0.0254151 0.0459285 0.305979
1 0.913822 0.521426 0.0289459 0.0349831 0.302372
1 0.728954 0.314789 0.0652618 0.114525 0.878883
1 0.736636 0.504986 0.0596297 0.0823242 0.871874
1 0.772649 0.450048 0.0700036 0.123737 0.861948
1 0.735468 0.639341 0.0676572 0.138089 0.844455
2 0.634229 0.631829 0.0669426 0.142527 0.840745
2 0.716755 0.424109 0.0655315 0.108582 0.825141
1 0.952509 0.260617 0.0290806 0.0529958 0.755238
1 0.653624 0.426807 0.0408447 0.0861563 0.665674
1 0.945557 0.228551 0.0341545 0.0278844 0.639574
0 0.848819 0.168758 0.021273 0.0398152 0.581214
1 0.602141 0.760842 0.0314359 0.0938339 0.542998
0 0.979016 0.135403 0.0284172 0.0464077 0.526291
0 0.327866 0.491246 0.0177235 0.0370185 0.495723
1 0.37308 0.434016 0.0175024 0.0317052 0.454884
0 0.968636 0.535434 0.0255623 0.0441204 0.449688
0 0.362078 0.0575974 0.0173605 0.0367386 0.449063
1 0.988396 0.251405 0.0221752 0.0435692 0.416048
0 0.119614 0.379499 0.0130116 0.0287704 0.408895
0 0.341239 0.502392 0.0170722 0.0401678 0.403839
0 0.914062 0.521532 0.0291517 0.036211 0.352631
1 0.340844 0.502189 0.0166273 0.0394019 0.351731
0 0.758176 0.134811 0.0256783 0.0456883 0.345838
1 0.0454214 0.314458 0.0149643 0.0277592 0.29003
1 0.41552 0.280041 0.0218858 0.0219575 0.274714
0 0.963598 0.301346 0.0203335 0.0216329 0.250234
1 0.728954 0.314789 0.0652618 0.114525 0.878883
1 0.736636 0.504986 0.0596297 0.0823242 0.871874
1 0.772649 0.450048 0.0700036 0.123737 0.861948
1 0.735468 0.639341 0.0676572 0.138089 0.844455
2 0.634229 0.631829 0.0669426 0.142527 0.840745
2 0.716755 0.424109 0.0655315 0.108582 0.825141
1 0.952509 0.260617 0.0290806 0.0529958 0.755238
1 0.653624 0.426807 0.0408447 0.0861563 0.665674
1 0.945557 0.228551 0.0341545 0.0278844 0.639574
0 0.848819 0.168758 0.021273 0.0398152 0.581214
1 0.602141 0.760842 0.0314359 0.0938339 0.542998
0 0.979016 0.135403 0.0284172 0.0464077 0.526291
0 0.327866 0.491246 0.0177235 0.0370185 0.495723
1 0.37308 0.434016 0.0175024 0.0317052 0.454884
0 0.968636 0.535434 0.0255623 0.0441204 0.449688
0 0.362078 0.0575974 0.0173605 0.0367386 0.449063
1 0.988396 0.251405 0.0221752 0.0435692 0.416048
0 0.119614 0.379499 0.0130116 0.0287704 0.408895
0 0.341239 0.502392 0.0170722 0.0401678 0.403839
0 0.914062 0.521532 0.0291517 0.036211 0.352631
1 0.340844 0.502189 0.0166273 0.0394019 0.351731
0 0.758176 0.134811 0.0256783 0.0456883 0.345838
1 0.0454214 0.314458 0.0149643 0.0277592 0.29003
1 0.41552 0.280041 0.0218858 0.0219575 0.274714
0 0.963598 0.301346 0.0203335 0.0216329 0.250234
1 0.728954 0.314789 0.0652618 0.114525 0.878883
1 0.736636 0.504986 0.0596297 0.0823242 0.871874
1 0.772649 0.450048 0.0700036 0.123737 0.861948
1 0.735468 0.639341 0.0676572 0.138089 0.844455
2 0.634229 0.631829 0.0669426 0.142527 0.840745
2 0.716755 0.424109 0.0655315 0.108582 0.825141
1 0.952509 0.260617 0.0290806 0.0529958 0.755238
1 0.653624 0.426807 0.0408447 0.0861563 0.665674
1 0.945557 0.228551 0.0341545 0.0278844 0.639574
0 0.848819 0.168758 0.021273 0.0398152 0.581214
1 0.602141 0.760842 0.0314359 0.0938339 0.542998
0 0.979016 0.135403 0.0284172 0.0464077 0.526291
0 0.327866 0.491246 0.0177235 0.0370185 0.495723
1 0.37308 0.434016 0.0175024 0.0317052 0.454884
0 0.968636 0.535434 0.0255623 0.0441204 0.449688
0 0.362078 0.0575974 0.0173605 0.0367386 0.449063
1 0.988396 0.251405 0.0221752 0.0435692 0.416048
0 0.119614 0.379499 0.0130116 0.0287704 0.408895
0 0.341239 0.502392 0.0170722 0.0401678 0.403839
0 0.914062 0.521532 0.0291517 0.036211 0.352631
1 0.340844 0.502189 0.0166273 0.0394019 0.351731
0 0.758176 0.134811 0.0256783 0.0456883 0.345838
1 0.0454214 0.314458 0.0149643 0.0277592 0.29003
1 0.41552 0.280041 0.0218858 0.0219575 0.274714
0 0.963598 0.301346 0.0203335 0.0216329 0.250234
