1 0.687938 0.0542706 0.0461779 0.0661363 0.732547
3 0.709818 0.552523 0.0234599 0.0428644 0.58869
1 0.189261 0.510211 0.0166801 0.0281047 0.423249
1 0.141026 0.428064 0.0169216 0.0263387 0.413093
1 0.687836 0.0541868 0.045484 0.0661235 0.742886
3 0.709798 0.552316 0.0232685 0.0423116 0.574015
1 0.189328 0.510095 0.0169125 0.0283093 0.394184
1 0.141024 0.428037 0.0169272 0.0261468 0.35374
1 0.687836 0.0541868 0.045484 0.0661235 0.742886
3 0.709798 0.552316 0.0232685 0.0423116 0.574015
1 0.189328 0.510095 0.0169125 0.0283093 0.394184
1 0.141024 0.428037 0.0169272 0.0261468 0.35374
1 0.687836 0.0541868 0.045484 0.0661235 0.742886
3 0.709798 0.552316 0.0232685 0.0423116 0.574015
1 0.189328 0.510095 0.0169125 0.0283093 0.394184
1 0.141024 0.428037 0.0169272 0.0261468 0.35374
