1 0.256191 0.127588 0.0517142 0.0730553 0.828509
3 0.535242 0.214949 0.0366924 0.0782725 0.821707
1 0.259931 0.189107 0.0472651 0.0810255 0.787614
1 0.308862 0.156567 0.0575259 0.103426 0.787077
1 0.260917 0.25449 0.0502677 0.0920903 0.770728
1 0.648854 0.402979 0.0414963 0.0882379 0.759876
1 0.508006 0.205792 0.0345411 0.0830045 0.743797
2 0.705412 0.490948 0.050433 0.0912763 0.734586
1 0.223627 0.30034 0.0473466 0.0750329 0.686159
1 0.499978 0.298319 0.0306508 0.052308 0.670577
1 0.574582 0.341256 0.0320126 0.0531423 0.62252
1 0.633698 0.249752 0.0362551 0.0606844 0.474825
1 0.256216 0.127545 0.0515051 0.0728995 0.834026
3 0.535247 0.215148 0.0369741 0.0791691 0.820769
1 0.260098 0.189316 0.0472054 0.0816381 0.792991
1 0.308776 0.156452 0.0573903 0.10387 0.790554
1 0.648881 0.40285 0.0411918 0.0878964 0.767571
1 0.26094 0.254104 0.0513184 0.0944858 0.756568
2 0.704765 0.491361 0.0478975 0.0891161 0.729805
1 0.508208 0.206434 0.0347797 0.0826877 0.728139
1 0.499994 0.298338 0.03076 0.0529435 0.666414
1 0.223513 0.298901 0.0475839 0.0766498 0.615811
1 0.574557 0.341454 0.0315346 0.052459 0.56922
1 0.633793 0.249679 0.0354899 0.0600263 0.417916
1 0.256216 0.127545 0.0515051 0.0728995 0.834026
3 0.535247 0.215148 0.0369741 0.0791691 0.820769
1 0.260098 0.189316 0.0472054 0.0816381 0.792991
1 0.308776 0.156452 0.0573903 0.10387 0.790554
1 0.648881 0.40285 0.0411918 0.0878964 0.767571
1 0.26094 0.254104 0.0513184 0.0944858 0.756568
2 0.704765 0.491361 0.0478975 0.0891161 0.729805
1 0.508208 0.206434 0.0347797 0.0826877 0.728139
1 0.499994 0.298338 0.03076 0.0529435 0.666414
1 0.223513 0.298901 0.0475839 0.0766498 0.615811
1 0.574557 0.341454 0.0315346 0.052459 0.56922
1 0.633793 0.249679 0.0354899 0.0600263 0.417916
1 0.256216 0.127545 0.0515051 0.0728995 0.834026
3 0.535247 0.215148 0.0369741 0.0791691 0.820769
1 0.260098 0.189316 0.0472054 0.0816381 0.792991
1 0.308776 0.156452 0.0573903 0.10387 0.790554
1 0.648881 0.40285 0.0411918 0.0878964 0.767571
1 0.26094 0.254104 0.0513184 0.0944858 0.756568
2 0.704765 0.491361 0.0478975 0.0891161 0.729805
1 0.508208 0.206434 0.0347797 0.0826877 0.728139
1 0.499994 0.298338 0.03076 0.0529435 0.666414
1 0.223513 0.298901 0.0475839 0.0766498 0.615811
1 0.574557 0.341454 0.0315346 0.052459 0.56922
1 0.633793 0.249679 0.0354899 0.0600263 0.417916
