1 0.459147 0.265114 0.110101 0.113266 0.816961
1 0.975732 0.591845 0.0483555 0.179753 0.759825
0 0.92724 0.717757 0.0658108 0.074077 0.680187
0 0.936815 0.413495 0.0584741 0.0932572 0.486102
1 0.937413 0.412741 0.0595488 0.0919424 0.474681
1 0.458888 0.264641 0.109679 0.113608 0.816131
1 0.975937 0.591559 0.0479626 0.179952 0.763096
0 0.92719 0.717447 0.064669 0.0729034 0.694121
1 0.937496 0.412963 0.0597496 0.0925761 0.518314
0 0.936982 0.41365 0.0587986 0.0940082 0.460902
1 0.464238 0.0411333 0.0628765 0.0797594 0.370776
1 0.458888 0.264641 0.109679 0.113608 0.816131
1 0.975937 0.591559 0.0479626 0.179952 0.763096
0 0.92719 0.717447 0.064669 0.0729034 0.694121
1 0.937496 0.412963 0.0597496 0.0925761 0.518314
0 0.936982 0.41365 0.0587986 0.0940082 0.460902
1 0.464238 0.0411333 0.0628765 0.0797594 0.370776
1 0.458888 0.264641 0.109679 0.113608 0.816131
1 0.975937 0.591559 0.0479626 0.179952 0.763096
0 0.92719 0.717447 0.064669 0.0729034 0.694121
1 0.937496 0.412963 0.0597496 0.0925761 0.518314
0 0.936982 0.41365 0.0587986 0.0940082 0.460902
1 0.464238 0.0411333 0.0628765 0.0797594 0.370776
