1 0.41964 0.726606 0.0369916 0.0589337 0.870184
1 0.431753 0.698837 0.0436162 0.0529515 0.817247
2 0.461386 0.452087 0.0504856 0.0720508 0.77444
4 0.847468 0.323861 0.304616 0.646046 0.510694
3 0.285306 0.961241 0.0204879 0.0441953 0.385693
1 0.419648 0.726576 0.0369799 0.0588915 0.871704
1 0.431749 0.698949 0.0436071 0.0525905 0.817383
2 0.461499 0.451943 0.0503298 0.0719349 0.770318
4 0.840065 0.324641 0.319315 0.646927 0.619029
3 0.285017 0.960126 0.0204707 0.0465074 0.366278
1 0.419648 0.726576 0.0369799 0.0588915 0.871704
1 0.431749 0.698949 0.0436071 0.0525905 0.817383
2 0.461499 0.451943 0.0503298 0.0719349 0.770318
4 0.840065 0.324641 0.319315 0.646927 0.619029
3 0.285017 0.960126 0.0204707 0.0465074 0.366278
1 0.419648 0.726576 0.0369799 0.0588915 0.871704
1 0.431749 0.698949 0.0436071 0.0525905 0.817383
2 0.461499 0.451943 0.0503298 0.0719349 0.770318
4 0.840065 0.324641 0.319315 0.646927 0.619029
3 0.285017 0.960126 0.0204707 0.0465074 0.366278
