1 0.945983 0.52628 0.0412947 0.06532 0.851921
1 0.574011 0.603166 0.0738099 0.127151 0.848085
1 0.577874 0.487383 0.0686689 0.110829 0.823399
1 0.448756 0.501685 0.0648144 0.0928756 0.818361
1 0.896615 0.251555 0.0390312 0.0561945 0.811942
1 0.891616 0.464303 0.0396351 0.0556223 0.805967
1 0.883597 0.512769 0.0410023 0.057496 0.784535
1 0.67362 0.314214 0.0386585 0.076362 0.774667
0 0.426886 0.791179 0.0530561 0.0631025 0.748831
0 0.464513 0.351653 0.063442 0.0467208 0.664162
0 0.940849 0.485123 0.0282627 0.0315345 0.592305
0 0.415266 0.919458 0.0542489 0.0779347 0.504763
1 0.416092 0.918585 0.0565706 0.0769219 0.376255
1 0.573858 0.603263 0.0743534 0.127032 0.851648
1 0.945944 0.526149 0.0412356 0.0650306 0.851303
1 0.448789 0.501562 0.0654229 0.0926368 0.825421
1 0.577847 0.487139 0.069404 0.111765 0.820436
1 0.896513 0.251734 0.0394863 0.0568147 0.810919
1 0.891549 0.464167 0.0397532 0.0554151 0.807241
1 0.883608 0.512769 0.0410418 0.0575716 0.784302
1 0.673706 0.314327 0.0388092 0.0763668 0.781914
0 0.42687 0.791369 0.0537005 0.0636265 0.751092
0 0.464591 0.351756 0.064184 0.0469846 0.677294
0 0.940829 0.485106 0.0282028 0.0315472 0.577952
0 0.415298 0.919766 0.0546207 0.0783612 0.495007
1 0.416179 0.919097 0.0575963 0.0774825 0.415988
1 0.573858 0.603263 0.0743534 0.127032 0.851648
1 0.945944 0.526149 0.0412356 0.0650306 0.851303
1 0.448789 0.501562 0.0654229 0.0926368 0.825421
1 0.577847 0.487139 0.069404 0.111765 0.820436
1 0.896513 0.251734 0.0394863 0.0568147 0.810919
1 0.891549 0.464167 0.0397532 0.0554151 0.807241
1 0.883608 0.512769 0.0410418 0.0575716 0.784302
1 0.673706 0.314327 0.0388092 0.0763668 0.781914
0 0.42687 0.791369 0.0537005 0.0636265 0.751092
0 0.464591 0.351756 0.064184 0.0469846 0.677294
0 0.940829 0.485106 0.0282028 0.0315472 0.577952
0 0.415298 0.919766 0.0546207 0.0783612 0.495007
1 0.416179 0.919097 0.0575963 0.0774825 0.415988
1 0.573858 0.603263 0.0743534 0.127032 0.851648
1 0.945944 0.526149 0.0412356 0.0650306 0.851303
1 0.448789 0.501562 0.0654229 0.0926368 0.825421
1 0.577847 0.487139 0.069404 0.111765 0.820436
1 0.896513 0.251734 0.0394863 0.0568147 0.810919
1 0.891549 0.464167 0.0397532 0.0554151 0.807241
1 0.883608 0.512769 0.0410418 0.0575716 0.784302
1 0.673706 0.314327 0.0388092 0.0763668 0.781914
0 0.42687 0.791369 0.0537005 0.0636265 0.751092
0 0.464591 0.351756 0.064184 0.0469846 0.677294
0 0.940829 0.485106 0.0282028 0.0315472 0.577952
0 0.415298 0.919766 0.0546207 0.0783612 0.495007
1 0.416179 0.919097 0.0575963 0.0774825 0.415988
