2 0.046378 0.42431 0.0219856 0.0574627 0.844013
0 0.697202 0.398323 0.0211874 0.0419881 0.772878
4 0.16332 0.233074 0.3244 0.464678 0.71362
2 0.602345 0.453271 0.0331957 0.0780664 0.703542
2 0.749612 0.42989 0.0203487 0.0594902 0.666924
0 0.632375 0.341671 0.0259369 0.0548547 0.638368
2 0.0463447 0.424376 0.0220455 0.057362 0.840672
0 0.697199 0.398347 0.0213907 0.0420314 0.792475
2 0.602314 0.453265 0.0332264 0.0780241 0.756113
2 0.749432 0.429904 0.0200095 0.0593243 0.658545
0 0.632572 0.341053 0.025225 0.0549599 0.619994
4 0.156562 0.24079 0.313124 0.476021 0.599772
1 0.632041 0.341717 0.0260191 0.054195 0.375629
2 0.0463447 0.424376 0.0220455 0.057362 0.840672
0 0.697199 0.398347 0.0213907 0.0420314 0.792475
2 0.602314 0.453265 0.0332264 0.0780241 0.756113
2 0.749432 0.429904 0.0200095 0.0593243 0.658545
0 0.632572 0.341053 0.025225 0.0549599 0.619994
4 0.156562 0.24079 0.313124 0.476021 0.599772
1 0.632041 0.341717 0.0260191 0.054195 0.375629
2 0.0463447 0.424376 0.0220455 0.057362 0.840672
0 0.697199 0.398347 0.0213907 0.0420314 0.792475
2 0.602314 0.453265 0.0332264 0.0780241 0.756113
2 0.749432 0.429904 0.0200095 0.0593243 0.658545
0 0.632572 0.341053 0.025225 0.0549599 0.619994
4 0.156562 0.24079 0.313124 0.476021 0.599772
1 0.632041 0.341717 0.0260191 0.054195 0.375629
