1 0.585535 0.37503 0.128595 0.11511 0.850377
1 0.463924 0.248578 0.088015 0.126512 0.843853
1 0.589096 0.521142 0.117571 0.169535 0.843043
1 0.521532 0.249138 0.0761667 0.121989 0.825288
1 0.35882 0.282749 0.0951583 0.161884 0.820768
1 0.418961 0.337402 0.108826 0.209372 0.818992
1 0.463285 0.648846 0.0663858 0.131545 0.798609
0 0.603586 0.64704 0.0587743 0.0770592 0.771894
1 0.360108 0.0589395 0.117381 0.116876 0.759642
0 0.541975 0.174608 0.0736673 0.0707394 0.72278
1 0.749474 0.479062 0.0171921 0.034906 0.674608
1 0.788176 0.436523 0.020211 0.0413753 0.61992
1 0.762502 0.463691 0.0196134 0.0279942 0.542323
1 0.740794 0.545287 0.0165142 0.0286511 0.540591
1 0.705297 0.567068 0.0218019 0.0293836 0.520188
1 0.724249 0.527818 0.0156202 0.026803 0.469019
1 0.585428 0.375016 0.128152 0.114947 0.851426
1 0.463818 0.248225 0.0882121 0.126824 0.843916
1 0.58907 0.521207 0.117306 0.169054 0.839669
1 0.358418 0.279258 0.0936352 0.169593 0.820847
1 0.521701 0.248893 0.0756615 0.122437 0.819639
1 0.41904 0.337116 0.108448 0.209799 0.818888
1 0.463419 0.649315 0.0652025 0.130901 0.802104
0 0.603591 0.646963 0.058971 0.0775865 0.777333
1 0.359557 0.0594508 0.119726 0.117678 0.744873
0 0.542035 0.174986 0.0735844 0.0709015 0.730188
1 0.749481 0.479083 0.0171659 0.0345825 0.678505
1 0.788199 0.43665 0.0205324 0.0417415 0.609461
1 0.740806 0.545235 0.0166868 0.0291598 0.547371
1 0.705346 0.566975 0.0218925 0.0296819 0.5437
1 0.762516 0.463778 0.019862 0.0277438 0.536122
1 0.724225 0.527983 0.0159191 0.0271447 0.47266
1 0.585428 0.375016 0.128152 0.114947 0.851426
1 0.463818 0.248225 0.0882121 0.126824 0.843916
1 0.58907 0.521207 0.117306 0.169054 0.839669
1 0.358418 0.279258 0.0936352 0.169593 0.820847
1 0.521701 0.248893 0.0756615 0.122437 0.819639
1 0.41904 0.337116 0.108448 0.209799 0.818888
1 0.463419 0.649315 0.0652025 0.130901 0.802104
0 0.603591 0.646963 0.058971 0.0775865 0.777333
1 0.359557 0.0594508 0.119726 0.117678 0.744873
0 0.542035 0.174986 0.0735844 0.0709015 0.730188
1 0.749481 0.479083 0.0171659 0.0345825 0.678505
1 0.788199 0.43665 0.0205324 0.0417415 0.609461
1 0.740806 0.545235 0.0166868 0.0291598 0.547371
1 0.705346 0.566975 0.0218925 0.0296819 0.5437
1 0.762516 0.463778 0.019862 0.0277438 0.536122
1 0.724225 0.527983 0.0159191 0.0271447 0.47266
1 0.585428 0.375016 0.128152 0.114947 0.851426
1 0.463818 0.248225 0.0882121 0.126824 0.843916
1 0.58907 0.521207 0.117306 0.169054 0.839669
1 0.358418 0.279258 0.0936352 0.169593 0.820847
1 0.521701 0.248893 0.0756615 0.122437 0.819639
1 0.41904 0.337116 0.108448 0.209799 0.818888
1 0.463419 0.649315 0.0652025 0.130901 0.802104
0 0.603591 0.646963 0.058971 0.0775865 0.777333
1 0.359557 0.0594508 0.119726 0.117678 0.744873
0 0.542035 0.174986 0.0735844 0.0709015 0.730188
1 0.749481 0.479083 0.0171659 0.0345825 0.678505
1 0.788199 0.43665 0.0205324 0.0417415 0.609461
1 0.740806 0.545235 0.0166868 0.0291598 0.547371
1 0.705346 0.566975 0.0218925 0.0296819 0.5437
1 0.762516 0.463778 0.019862 0.0277438 0.536122
1 0.724225 0.527983 0.0159191 0.0271447 0.47266
