4 0.317485 0.60688 0.632303 0.779503 0.859225
4 0.196999 0.104474 0.203424 0.201695 0.831242
4 0.827152 0.587263 0.342085 0.745024 0.757795
4 0.526879 0.247646 0.439983 0.279657 0.648107
4 0.320841 0.606339 0.638342 0.787322 0.843492
4 0.196482 0.104224 0.202404 0.201632 0.825551
4 0.821927 0.543017 0.354497 0.667319 0.753705
4 0.52385 0.246781 0.440625 0.268697 0.652415
4 0.648516 0.0814004 0.408494 0.159884 0.274461
4 0.320841 0.606339 0.638342 0.787322 0.843492
4 0.196482 0.104224 0.202404 0.201632 0.825551
4 0.821927 0.543017 0.354497 0.667319 0.753705
4 0.52385 0.246781 0.440625 0.268697 0.652415
4 0.648516 0.0814004 0.408494 0.159884 0.274461
4 0.320841 0.606339 0.638342 0.787322 0.843492
4 0.196482 0.104224 0.202404 0.201632 0.825551
4 0.821927 0.543017 0.354497 0.667319 0.753705
4 0.52385 0.246781 0.440625 0.268697 0.652415
4 0.648516 0.0814004 0.408494 0.159884 0.274461
