1 0.826928 0.467841 0.0744244 0.0747 0.916137
1 0.779844 0.577102 0.0412005 0.0566085 0.780332
1 0.82692 0.467765 0.0744099 0.0746963 0.91566
1 0.779885 0.577091 0.0412782 0.0566099 0.782273
1 0.660936 0.19231 0.0437395 0.0913106 0.413258
1 0.82692 0.467765 0.0744099 0.0746963 0.91566
1 0.779885 0.577091 0.0412782 0.0566099 0.782273
1 0.660936 0.19231 0.0437395 0.0913106 0.413258
1 0.82692 0.467765 0.0744099 0.0746963 0.91566
1 0.779885 0.577091 0.0412782 0.0566099 0.782273
1 0.660936 0.19231 0.0437395 0.0913106 0.413258
