1 0.924176 0.731084 0.0398151 0.0862986 0.842616
1 0.877084 0.842532 0.0314201 0.0815433 0.762588
0 0.683909 0.768065 0.0319417 0.0315423 0.709737
1 0.696478 0.686847 0.0325231 0.0373257 0.636881
1 0.545068 0.693644 0.0197432 0.0373109 0.592449
1 0.65757 0.573825 0.0232924 0.0343534 0.561166
0 0.853739 0.830278 0.0239754 0.0613989 0.556625
1 0.669835 0.714892 0.0209906 0.0377031 0.515755
0 0.729306 0.766619 0.0194576 0.0302339 0.494632
0 0.70657 0.892371 0.0230719 0.0330768 0.44602
0 0.770441 0.613578 0.0194807 0.0319027 0.404239
1 0.478141 0.677346 0.0175951 0.0338987 0.329463
1 0.924222 0.730938 0.0402691 0.0862887 0.845231
1 0.877113 0.842257 0.031509 0.0815825 0.757759
0 0.68389 0.768164 0.0320251 0.0316135 0.709542
1 0.696527 0.686896 0.0324318 0.0370222 0.638181
1 0.545046 0.693647 0.0191652 0.0366852 0.599247
1 0.657558 0.573721 0.0229084 0.0338062 0.585281
0 0.853759 0.830108 0.0242424 0.0620703 0.565861
0 0.70657 0.89226 0.0226978 0.0325127 0.499803
1 0.669846 0.714902 0.0208626 0.0375411 0.498767
0 0.729261 0.766748 0.0193565 0.0302685 0.466815
0 0.770454 0.613621 0.0193565 0.0317496 0.383782
1 0.478169 0.67741 0.0173576 0.0335304 0.321491
1 0.924222 0.730938 0.0402691 0.0862887 0.845231
1 0.877113 0.842257 0.031509 0.0815825 0.757759
0 0.68389 0.768164 0.0320251 0.0316135 0.709542
1 0.696527 0.686896 0.0324318 0.0370222 0.638181
1 0.545046 0.693647 0.0191652 0.0366852 0.599247
1 0.657558 0.573721 0.0229084 0.0338062 0.585281
0 0.853759 0.830108 0.0242424 0.0620703 0.565861
0 0.70657 0.89226 0.0226978 0.0325127 0.499803
1 0.669846 0.714902 0.0208626 0.0375411 0.498767
0 0.729261 0.766748 0.0193565 0.0302685 0.466815
0 0.770454 0.613621 0.0193565 0.0317496 0.383782
1 0.478169 0.67741 0.0173576 0.0335304 0.321491
1 0.924222 0.730938 0.0402691 0.0862887 0.845231
1 0.877113 0.842257 0.031509 0.0815825 0.757759
0 0.68389 0.768164 0.0320251 0.0316135 0.709542
1 0.696527 0.686896 0.0324318 0.0370222 0.638181
1 0.545046 0.693647 0.0191652 0.0366852 0.599247
1 0.657558 0.573721 0.0229084 0.0338062 0.585281
0 0.853759 0.830108 0.0242424 0.0620703 0.565861
0 0.70657 0.89226 0.0226978 0.0325127 0.499803
1 0.669846 0.714902 0.0208626 0.0375411 0.498767
0 0.729261 0.766748 0.0193565 0.0302685 0.466815
0 0.770454 0.613621 0.0193565 0.0317496 0.383782
1 0.478169 0.67741 0.0173576 0.0335304 0.321491
