1 0.530449 0.361712 0.0436352 0.072774 0.867479
1 0.453523 0.605404 0.0533083 0.0772949 0.840661
1 0.519187 0.140884 0.0379658 0.0791975 0.836227
2 0.446415 0.231764 0.0573629 0.0657934 0.832244
1 0.541745 0.43347 0.0408404 0.0822694 0.831994
1 0.536074 0.610845 0.0401642 0.0898359 0.82042
2 0.456174 0.273871 0.0591721 0.0738689 0.81796
1 0.57459 0.697303 0.0574577 0.0796775 0.808027
1 0.44831 0.75817 0.038376 0.0609492 0.797117
1 0.536198 0.76842 0.0493718 0.0477963 0.791077
1 0.504021 0.808093 0.0463943 0.0772686 0.786132
2 0.565701 0.750263 0.0480531 0.0706416 0.747895
0 0.482298 0.207204 0.0277037 0.0541918 0.718343
3 0.18002 0.217354 0.0185596 0.0285463 0.697711
1 0.0137977 0.239377 0.0266055 0.0406983 0.665794
1 0.843535 0.0747634 0.0207198 0.0405592 0.626175
1 0.0264534 0.198331 0.021038 0.031017 0.534475
1 0.762629 0.466005 0.019478 0.031586 0.416707
0 0.842826 0.548591 0.0197681 0.0379425 0.385817
2 0.162715 0.128478 0.0206803 0.0293798 0.382568
1 0.842984 0.548898 0.0194107 0.0378364 0.381896
0 0.853723 0.560899 0.0169758 0.0364432 0.370793
2 0.87337 0.427032 0.0134457 0.0208233 0.353004
1 0.216974 0.160786 0.0219584 0.0241305 0.329723
1 0.530398 0.361684 0.043367 0.072771 0.865231
1 0.453658 0.605215 0.0529108 0.0769402 0.840675
2 0.446482 0.231698 0.0571222 0.065637 0.836778
1 0.541704 0.433397 0.0404689 0.0822672 0.833184
1 0.519135 0.140838 0.0377209 0.0789406 0.830831
1 0.535987 0.610918 0.0398924 0.0896189 0.823108
2 0.456196 0.273912 0.0591698 0.0739504 0.82202
1 0.574571 0.697229 0.0573452 0.0789128 0.807908
1 0.448347 0.758085 0.0379927 0.0598075 0.797161
1 0.536182 0.768488 0.0493494 0.0474281 0.79131
1 0.504102 0.808301 0.0460395 0.0775719 0.787484
2 0.565604 0.749834 0.0477409 0.0696193 0.753089
0 0.482272 0.207019 0.0276604 0.0537829 0.726468
3 0.180044 0.217452 0.0182439 0.02795 0.716445
1 0.013781 0.239305 0.0264987 0.0403879 0.676817
1 0.84357 0.0748473 0.0206863 0.0404475 0.630705
1 0.0264176 0.198296 0.0210921 0.0311538 0.541033
1 0.762678 0.465952 0.0194149 0.0315251 0.395429
0 0.84284 0.548512 0.0198036 0.0377676 0.379358
1 0.842985 0.54885 0.0194115 0.0376807 0.365719
2 0.873402 0.42705 0.0135329 0.0209858 0.364115
0 0.853746 0.560986 0.0170919 0.0365469 0.355104
2 0.162735 0.128513 0.0200919 0.028716 0.325437
1 0.8533 0.560535 0.0166706 0.0352551 0.293142
1 0.216973 0.160711 0.0218863 0.0241054 0.283102
1 0.386597 0.360071 0.0162498 0.0239627 0.28183
1 0.382129 0.332682 0.0140762 0.0288401 0.261599
1 0.530398 0.361684 0.043367 0.072771 0.865231
1 0.453658 0.605215 0.0529108 0.0769402 0.840675
2 0.446482 0.231698 0.0571222 0.065637 0.836778
1 0.541704 0.433397 0.0404689 0.0822672 0.833184
1 0.519135 0.140838 0.0377209 0.0789406 0.830831
1 0.535987 0.610918 0.0398924 0.0896189 0.823108
2 0.456196 0.273912 0.0591698 0.0739504 0.82202
1 0.574571 0.697229 0.0573452 0.0789128 0.807908
1 0.448347 0.758085 0.0379927 0.0598075 0.797161
1 0.536182 0.768488 0.0493494 0.0474281 0.79131
1 0.504102 0.808301 0.0460395 0.0775719 0.787484
2 0.565604 0.749834 0.0477409 0.0696193 0.753089
0 0.482272 0.207019 0.0276604 0.0537829 0.726468
3 0.180044 0.217452 0.0182439 0.02795 0.716445
1 0.013781 0.239305 0.0264987 0.0403879 0.676817
1 0.84357 0.0748473 0.0206863 0.0404475 0.630705
1 0.0264176 0.198296 0.0210921 0.0311538 0.541033
1 0.762678 0.465952 0.0194149 0.0315251 0.395429
0 0.84284 0.548512 0.0198036 0.0377676 0.379358
1 0.842985 0.54885 0.0194115 0.0376807 0.365719
2 0.873402 0.42705 0.0135329 0.0209858 0.364115
0 0.853746 0.560986 0.0170919 0.0365469 0.355104
2 0.162735 0.128513 0.0200919 0.028716 0.325437
1 0.8533 0.560535 0.0166706 0.0352551 0.293142
1 0.216973 0.160711 0.0218863 0.0241054 0.283102
1 0.386597 0.360071 0.0162498 0.0239627 0.28183
1 0.382129 0.332682 0.0140762 0.0288401 0.261599
1 0.530398 0.361684 0.043367 0.072771 0.865231
1 0.453658 0.605215 0.0529108 0.0769402 0.840675
2 0.446482 0.231698 0.0571222 0.065637 0.836778
1 0.541704 0.433397 0.0404689 0.0822672 0.833184
1 0.519135 0.140838 0.0377209 0.0789406 0.830831
1 0.535987 0.610918 0.0398924 0.0896189 0.823108
2 0.456196 0.273912 0.0591698 0.0739504 0.82202
1 0.574571 0.697229 0.0573452 0.0789128 0.807908
1 0.448347 0.758085 0.0379927 0.0598075 0.797161
1 0.536182 0.768488 0.0493494 0.0474281 0.79131
1 0.504102 0.808301 0.0460395 0.0775719 0.787484
2 0.565604 0.749834 0.0477409 0.0696193 0.753089
0 0.482272 0.207019 0.0276604 0.0537829 0.726468
3 0.180044 0.217452 0.0182439 0.02795 0.716445
1 0.013781 0.239305 0.0264987 0.0403879 0.676817
1 0.84357 0.0748473 0.0206863 0.0404475 0.630705
1 0.0264176 0.198296 0.0210921 0.0311538 0.541033
1 0.762678 0.465952 0.0194149 0.0315251 0.395429
0 0.84284 0.548512 0.0198036 0.0377676 0.379358
1 0.842985 0.54885 0.0194115 0.0376807 0.365719
2 0.873402 0.42705 0.0135329 0.0209858 0.364115
0 0.853746 0.560986 0.0170919 0.0365469 0.355104
2 0.162735 0.128513 0.0200919 0.028716 0.325437
1 0.8533 0.560535 0.0166706 0.0352551 0.293142
1 0.216973 0.160711 0.0218863 0.0241054 0.283102
1 0.386597 0.360071 0.0162498 0.0239627 0.28183
1 0.382129 0.332682 0.0140762 0.0288401 0.261599
