3 0.374944 0.36605 0.0661955 0.0963345 0.824532
1 0.678273 0.27941 0.0216651 0.0371032 0.738974
1 0.684139 0.235404 0.0182776 0.0338876 0.724652
1 0.663434 0.0951053 0.0295225 0.0410014 0.721973
1 0.0677522 0.488343 0.0424385 0.0535336 0.658064
1 0.666326 0.169636 0.0205341 0.0302937 0.595739
1 0.638398 0.302654 0.0230219 0.0337851 0.548423
1 0.700874 0.224419 0.0239338 0.0242807 0.544864
1 0.672444 0.21884 0.0203822 0.0300154 0.384382
1 0.968488 0.41265 0.0172975 0.017851 0.360489
1 0.955527 0.310896 0.0192764 0.0314133 0.348802
1 0.963912 0.431368 0.0185932 0.0265285 0.341616
3 0.374948 0.36587 0.0660404 0.0963813 0.835219
1 0.678296 0.279381 0.0215779 0.0370672 0.738357
1 0.663247 0.0949209 0.0294225 0.0407571 0.732754
1 0.684154 0.235448 0.0183133 0.0340972 0.729525
1 0.0678807 0.488214 0.0429811 0.0540711 0.629642
1 0.66628 0.169693 0.0206932 0.03032 0.619558
1 0.63838 0.302666 0.022965 0.0336651 0.563301
1 0.700892 0.224391 0.0240569 0.0243777 0.543455
1 0.672349 0.219039 0.0204385 0.0303896 0.369826
1 0.968577 0.412673 0.0173277 0.0179185 0.338797
1 0.963983 0.431333 0.0184362 0.0266093 0.313877
1 0.955388 0.311032 0.0188892 0.0309732 0.298232
3 0.374948 0.36587 0.0660404 0.0963813 0.835219
1 0.678296 0.279381 0.0215779 0.0370672 0.738357
1 0.663247 0.0949209 0.0294225 0.0407571 0.732754
1 0.684154 0.235448 0.0183133 0.0340972 0.729525
1 0.0678807 0.488214 0.0429811 0.0540711 0.629642
1 0.66628 0.169693 0.0206932 0.03032 0.619558
1 0.63838 0.302666 0.022965 0.0336651 0.563301
1 0.700892 0.224391 0.0240569 0.0243777 0.543455
1 0.672349 0.219039 0.0204385 0.0303896 0.369826
1 0.968577 0.412673 0.0173277 0.0179185 0.338797
1 0.963983 0.431333 0.0184362 0.0266093 0.313877
1 0.955388 0.311032 0.0188892 0.0309732 0.298232
3 0.374948 0.36587 0.0660404 0.0963813 0.835219
1 0.678296 0.279381 0.0215779 0.0370672 0.738357
1 0.663247 0.0949209 0.0294225 0.0407571 0.732754
1 0.684154 0.235448 0.0183133 0.0340972 0.729525
1 0.0678807 0.488214 0.0429811 0.0540711 0.629642
1 0.66628 0.169693 0.0206932 0.03032 0.619558
1 0.63838 0.302666 0.022965 0.0336651 0.563301
1 0.700892 0.224391 0.0240569 0.0243777 0.543455
1 0.672349 0.219039 0.0204385 0.0303896 0.369826
1 0.968577 0.412673 0.0173277 0.0179185 0.338797
1 0.963983 0.431333 0.0184362 0.0266093 0.313877
1 0.955388 0.311032 0.0188892 0.0309732 0.298232
