0 0.394492 0.381782 0.0257061 0.0331587 0.793238
0 0.420528 0.705944 0.0298431 0.0394961 0.783347
0 0.406355 0.562628 0.0330433 0.029299 0.748497
0 0.316481 0.450047 0.019842 0.0297837 0.705973
2 0.430009 0.735935 0.0239195 0.0321533 0.63083
1 0.438251 0.767607 0.0273083 0.0414581 0.582871
0 0.562196 0.646645 0.0307514 0.0519057 0.490471
0 0.437389 0.767421 0.02764 0.0428645 0.368048
4 0.897466 0.321068 0.205069 0.468571 0.339156
0 0.420534 0.705922 0.0300507 0.03977 0.781946
0 0.394518 0.381897 0.0259288 0.0335619 0.761376
0 0.40634 0.562631 0.0331057 0.0294134 0.744729
0 0.316406 0.450077 0.0202831 0.0300096 0.671836
2 0.429895 0.735951 0.0241628 0.0322493 0.617675
1 0.438252 0.767633 0.0274332 0.0416626 0.571576
0 0.562219 0.646659 0.0308893 0.0520334 0.499505
0 0.437407 0.767496 0.0278387 0.04308 0.375831
0 0.420534 0.705922 0.0300507 0.03977 0.781946
0 0.394518 0.381897 0.0259288 0.0335619 0.761376
0 0.40634 0.562631 0.0331057 0.0294134 0.744729
0 0.316406 0.450077 0.0202831 0.0300096 0.671836
2 0.429895 0.735951 0.0241628 0.0322493 0.617675
1 0.438252 0.767633 0.0274332 0.0416626 0.571576
0 0.562219 0.646659 0.0308893 0.0520334 0.499505
0 0.437407 0.767496 0.0278387 0.04308 0.375831
0 0.420534 0.705922 0.0300507 0.03977 0.781946
0 0.394518 0.381897 0.0259288 0.0335619 0.761376
0 0.40634 0.562631 0.0331057 0.0294134 0.744729
0 0.316406 0.450077 0.0202831 0.0300096 0.671836
2 0.429895 0.735951 0.0241628 0.0322493 0.617675
1 0.438252 0.767633 0.0274332 0.0416626 0.571576
0 0.562219 0.646659 0.0308893 0.0520334 0.499505
0 0.437407 0.767496 0.0278387 0.04308 0.375831
