1 0.759544 0.546052 0.070339 0.194801 0.777992
1 0.552842 0.707839 0.0738602 0.128166 0.7773
1 0.574727 0.273047 0.0435402 0.116295 0.723389
1 0.560961 0.525397 0.0299228 0.0557074 0.45761
1 0.552617 0.707788 0.0746138 0.128523 0.778834
1 0.759516 0.546136 0.0698158 0.195192 0.775734
1 0.574822 0.273062 0.0433414 0.116158 0.705287
1 0.560936 0.52524 0.0302546 0.0562859 0.478572
1 0.552617 0.707788 0.0746138 0.128523 0.778834
1 0.759516 0.546136 0.0698158 0.195192 0.775734
1 0.574822 0.273062 0.0433414 0.116158 0.705287
1 0.560936 0.52524 0.0302546 0.0562859 0.478572
1 0.552617 0.707788 0.0746138 0.128523 0.778834
1 0.759516 0.546136 0.0698158 0.195192 0.775734
1 0.574822 0.273062 0.0433414 0.116158 0.705287
1 0.560936 0.52524 0.0302546 0.0562859 0.478572
