1 0.098226 0.377616 0.0341482 0.0998547 0.914307
1 0.384986 0.62058 0.044861 0.0493441 0.899881
1 0.477772 0.334656 0.039055 0.107427 0.899281
3 0.518118 0.468905 0.0345603 0.0764737 0.882978
1 0.387601 0.790644 0.0328732 0.0627634 0.875088
1 0.493439 0.647871 0.052142 0.0839919 0.871619
1 0.384656 0.683762 0.0538999 0.0327517 0.859362
1 0.506395 0.609401 0.0519511 0.0503909 0.857503
1 0.399503 0.709274 0.0359706 0.0359502 0.846275
1 0.396599 0.653505 0.0423981 0.0389914 0.837119
1 0.428483 0.600481 0.049411 0.0367246 0.833098
0 0.509366 0.53581 0.0334126 0.0516501 0.735293
0 0.45572 0.693393 0.0186968 0.0381859 0.619364
1 0.0982426 0.377698 0.0340793 0.0998994 0.915349
1 0.384983 0.620523 0.0448579 0.0494793 0.901577
1 0.477724 0.334462 0.0389164 0.107595 0.900317
3 0.518113 0.468928 0.0344673 0.0765564 0.880738
1 0.493493 0.647818 0.0521088 0.0839149 0.874938
1 0.387569 0.790666 0.0327314 0.0629242 0.872694
1 0.506285 0.609381 0.0516327 0.0502355 0.865801
1 0.384695 0.683774 0.0538703 0.032758 0.859243
1 0.399528 0.709262 0.0358937 0.0358936 0.851559
1 0.396595 0.653483 0.0424131 0.0390188 0.838066
1 0.42848 0.600495 0.0493494 0.0365814 0.834845
0 0.509309 0.535942 0.0324911 0.0514534 0.740493
0 0.455744 0.693231 0.0186314 0.037916 0.647724
1 0.0982426 0.377698 0.0340793 0.0998994 0.915349
1 0.384983 0.620523 0.0448579 0.0494793 0.901577
1 0.477724 0.334462 0.0389164 0.107595 0.900317
3 0.518113 0.468928 0.0344673 0.0765564 0.880738
1 0.493493 0.647818 0.0521088 0.0839149 0.874938
1 0.387569 0.790666 0.0327314 0.0629242 0.872694
1 0.506285 0.609381 0.0516327 0.0502355 0.865801
1 0.384695 0.683774 0.0538703 0.032758 0.859243
1 0.399528 0.709262 0.0358937 0.0358936 0.851559
1 0.396595 0.653483 0.0424131 0.0390188 0.838066
1 0.42848 0.600495 0.0493494 0.0365814 0.834845
0 0.509309 0.535942 0.0324911 0.0514534 0.740493
0 0.455744 0.693231 0.0186314 0.037916 0.647724
1 0.0982426 0.377698 0.0340793 0.0998994 0.915349
1 0.384983 0.620523 0.0448579 0.0494793 0.901577
1 0.477724 0.334462 0.0389164 0.107595 0.900317
3 0.518113 0.468928 0.0344673 0.0765564 0.880738
1 0.493493 0.647818 0.0521088 0.0839149 0.874938
1 0.387569 0.790666 0.0327314 0.0629242 0.872694
1 0.506285 0.609381 0.0516327 0.0502355 0.865801
1 0.384695 0.683774 0.0538703 0.032758 0.859243
1 0.399528 0.709262 0.0358937 0.0358936 0.851559
1 0.396595 0.653483 0.0424131 0.0390188 0.838066
1 0.42848 0.600495 0.0493494 0.0365814 0.834845
0 0.509309 0.535942 0.0324911 0.0514534 0.740493
0 0.455744 0.693231 0.0186314 0.037916 0.647724
