3 0.526075 0.953013 0.0511944 0.0930234 0.829054
3 0.299399 0.18137 0.0568403 0.0932563 0.822772
3 0.528931 0.809938 0.0640699 0.086465 0.80949
3 0.420651 0.393271 0.0530798 0.103326 0.803055
2 0.54119 0.240219 0.0443532 0.0913294 0.789375
3 0.0822224 0.366467 0.0321402 0.0771626 0.774534
3 0.10832 0.38905 0.038895 0.097365 0.76849
3 0.282315 0.397961 0.036554 0.101982 0.75191
2 0.758203 0.203774 0.0478802 0.105839 0.744261
3 0.360049 0.373781 0.0463023 0.0725896 0.735531
0 0.84496 0.491319 0.054903 0.0851686 0.717912
1 0.447734 0.718506 0.0421261 0.0836376 0.698505
3 0.233048 0.419936 0.0340175 0.111464 0.690593
3 0.159527 0.367014 0.0311644 0.0708737 0.660427
3 0.313647 0.416477 0.0381577 0.110007 0.651642
2 0.419769 0.667178 0.0291935 0.0480202 0.642788
2 0.380329 0.749326 0.0270031 0.0470527 0.63741
2 0.0809209 0.529845 0.0190521 0.0398144 0.633343
2 0.382064 0.573579 0.030186 0.0489355 0.611454
3 0.579809 0.891998 0.0282806 0.0522173 0.547515
3 0.939116 0.361235 0.0277931 0.0606124 0.403015
3 0.251625 0.425803 0.0232728 0.0904799 0.396427
2 0.210774 0.0366972 0.0384962 0.0608943 0.339201
1 0.907016 0.271851 0.032126 0.0860184 0.330252
3 0.343673 0.478721 0.0270576 0.0533034 0.322812
3 0.526703 0.95353 0.0520978 0.0924889 0.834992
3 0.299363 0.181268 0.0569875 0.0932034 0.819516
3 0.528899 0.810264 0.0639141 0.0856785 0.805037
3 0.42073 0.3932 0.0531628 0.103364 0.796246
2 0.541132 0.240125 0.0446398 0.0911326 0.790813
3 0.0822163 0.366397 0.0324701 0.0771975 0.774988
3 0.108316 0.389001 0.0390419 0.0975397 0.76606
3 0.282341 0.398021 0.0366802 0.101791 0.751919
2 0.758118 0.203679 0.0488387 0.106023 0.750771
3 0.360094 0.373666 0.0462534 0.0731157 0.732595
0 0.844584 0.491173 0.0561569 0.0861153 0.720333
1 0.447656 0.718821 0.0420694 0.084133 0.69867
3 0.233067 0.419749 0.0342617 0.111297 0.697171
3 0.159513 0.367008 0.0312842 0.0710188 0.66376
3 0.313052 0.417338 0.0374462 0.107863 0.650461
2 0.419682 0.667223 0.0298869 0.0483272 0.646198
2 0.0809307 0.529857 0.0191853 0.0399963 0.634234
2 0.380319 0.749427 0.0269137 0.0471595 0.62956
2 0.382046 0.5736 0.0305244 0.0488096 0.577255
3 0.579828 0.892017 0.0286333 0.0525093 0.572379
3 0.938981 0.361385 0.0286954 0.06219 0.448119
3 0.251608 0.425982 0.0234896 0.0900516 0.401968
2 0.210657 0.0366312 0.0395341 0.060375 0.391709
1 0.906812 0.271767 0.0332336 0.0866196 0.379029
3 0.343696 0.478778 0.027336 0.0532621 0.344971
3 0.526703 0.95353 0.0520978 0.0924889 0.834992
3 0.299363 0.181268 0.0569875 0.0932034 0.819516
3 0.528899 0.810264 0.0639141 0.0856785 0.805037
3 0.42073 0.3932 0.0531628 0.103364 0.796246
2 0.541132 0.240125 0.0446398 0.0911326 0.790813
3 0.0822163 0.366397 0.0324701 0.0771975 0.774988
3 0.108316 0.389001 0.0390419 0.0975397 0.76606
3 0.282341 0.398021 0.0366802 0.101791 0.751919
2 0.758118 0.203679 0.0488387 0.106023 0.750771
3 0.360094 0.373666 0.0462534 0.0731157 0.732595
0 0.844584 0.491173 0.0561569 0.0861153 0.720333
1 0.447656 0.718821 0.0420694 0.084133 0.69867
3 0.233067 0.419749 0.0342617 0.111297 0.697171
3 0.159513 0.367008 0.0312842 0.0710188 0.66376
3 0.313052 0.417338 0.0374462 0.107863 0.650461
2 0.419682 0.667223 0.0298869 0.0483272 0.646198
2 0.0809307 0.529857 0.0191853 0.0399963 0.634234
2 0.380319 0.749427 0.0269137 0.0471595 0.62956
2 0.382046 0.5736 0.0305244 0.0488096 0.577255
3 0.579828 0.892017 0.0286333 0.0525093 0.572379
3 0.938981 0.361385 0.0286954 0.06219 0.448119
3 0.251608 0.425982 0.0234896 0.0900516 0.401968
2 0.210657 0.0366312 0.0395341 0.060375 0.391709
1 0.906812 0.271767 0.0332336 0.0866196 0.379029
3 0.343696 0.478778 0.027336 0.0532621 0.344971
3 0.526703 0.95353 0.0520978 0.0924889 0.834992
3 0.299363 0.181268 0.0569875 0.0932034 0.819516
3 0.528899 0.810264 0.0639141 0.0856785 0.805037
3 0.42073 0.3932 0.0531628 0.103364 0.796246
2 0.541132 0.240125 0.0446398 0.0911326 0.790813
3 0.0822163 0.366397 0.0324701 0.0771975 0.774988
3 0.108316 0.389001 0.0390419 0.0975397 0.76606
3 0.282341 0.398021 0.0366802 0.101791 0.751919
2 0.758118 0.203679 0.0488387 0.106023 0.750771
3 0.360094 0.373666 0.0462534 0.0731157 0.732595
0 0.844584 0.491173 0.0561569 0.0861153 0.720333
1 0.447656 0.718821 0.0420694 0.084133 0.69867
3 0.233067 0.419749 0.0342617 0.111297 0.697171
3 0.159513 0.367008 0.0312842 0.0710188 0.66376
3 0.313052 0.417338 0.0374462 0.107863 0.650461
2 0.419682 0.667223 0.0298869 0.0483272 0.646198
2 0.0809307 0.529857 0.0191853 0.0399963 0.634234
2 0.380319 0.749427 0.0269137 0.0471595 0.62956
2 0.382046 0.5736 0.0305244 0.0488096 0.577255
3 0.579828 0.892017 0.0286333 0.0525093 0.572379
3 0.938981 0.361385 0.0286954 0.06219 0.448119
3 0.251608 0.425982 0.0234896 0.0900516 0.401968
2 0.210657 0.0366312 0.0395341 0.060375 0.391709
1 0.906812 0.271767 0.0332336 0.0866196 0.379029
3 0.343696 0.478778 0.027336 0.0532621 0.344971
