1 0.868384 0.599041 0.0479141 0.0912185 0.861678
1 0.615691 0.749349 0.0534993 0.091549 0.847425
1 0.225072 0.434906 0.0495328 0.09316 0.826304
1 0.781745 0.456315 0.0488922 0.0804885 0.823101
1 0.585543 0.285892 0.0392762 0.0745135 0.820457
3 0.627867 0.241734 0.0423571 0.0722511 0.798371
1 0.402427 0.535766 0.0446445 0.0848332 0.789109
1 0.604712 0.690741 0.0480492 0.0574306 0.767608
1 0.779815 0.77812 0.0445279 0.0868465 0.748062
1 0.979837 0.524645 0.0388132 0.0772129 0.72621
1 0.909236 0.570071 0.0361828 0.0600473 0.683603
1 0.202479 0.436507 0.0326384 0.0949486 0.576088
2 0.077469 0.727692 0.0200244 0.0344225 0.547491
1 0.132293 0.618663 0.0213744 0.027348 0.528931
1 0.369015 0.708326 0.0154692 0.0260984 0.519291
2 0.317681 0.542523 0.016357 0.0272798 0.501596
1 0.35721 0.697856 0.0171947 0.0276543 0.470664
2 0.316951 0.513105 0.017728 0.0222703 0.456929
1 0.469285 0.726972 0.0158907 0.0300772 0.440337
1 0.0516794 0.722263 0.016324 0.0296251 0.412298
1 0.86835 0.598724 0.0481222 0.0915722 0.859178
1 0.615844 0.749506 0.0520699 0.0910923 0.85429
1 0.781703 0.456385 0.0489287 0.0806871 0.833354
1 0.585487 0.286007 0.0385366 0.0736048 0.830518
1 0.224388 0.435004 0.0510662 0.0931704 0.823033
3 0.627914 0.241738 0.0414641 0.0716115 0.804467
1 0.402425 0.535981 0.0446104 0.0847154 0.78763
1 0.604531 0.690567 0.0474508 0.0580947 0.776215
1 0.779838 0.777662 0.0438103 0.0870082 0.763654
1 0.979723 0.524816 0.0391112 0.0776588 0.728408
1 0.909418 0.570182 0.0360291 0.0599033 0.673034
2 0.0774357 0.72766 0.0197751 0.0341475 0.546463
1 0.203053 0.436484 0.0336935 0.0953904 0.54281
1 0.369018 0.708309 0.0154762 0.0260573 0.525143
1 0.132292 0.618712 0.0212773 0.0270505 0.522538
2 0.317682 0.54243 0.0162576 0.0269848 0.49349
1 0.469281 0.726996 0.0155774 0.0297856 0.481334
1 0.357228 0.697819 0.0170992 0.0277057 0.477887
2 0.316985 0.513063 0.0177794 0.0219508 0.413435
1 0.0516344 0.72223 0.0162998 0.0295135 0.40386
1 0.86835 0.598724 0.0481222 0.0915722 0.859178
1 0.615844 0.749506 0.0520699 0.0910923 0.85429
1 0.781703 0.456385 0.0489287 0.0806871 0.833354
1 0.585487 0.286007 0.0385366 0.0736048 0.830518
1 0.224388 0.435004 0.0510662 0.0931704 0.823033
3 0.627914 0.241738 0.0414641 0.0716115 0.804467
1 0.402425 0.535981 0.0446104 0.0847154 0.78763
1 0.604531 0.690567 0.0474508 0.0580947 0.776215
1 0.779838 0.777662 0.0438103 0.0870082 0.763654
1 0.979723 0.524816 0.0391112 0.0776588 0.728408
1 0.909418 0.570182 0.0360291 0.0599033 0.673034
2 0.0774357 0.72766 0.0197751 0.0341475 0.546463
1 0.203053 0.436484 0.0336935 0.0953904 0.54281
1 0.369018 0.708309 0.0154762 0.0260573 0.525143
1 0.132292 0.618712 0.0212773 0.0270505 0.522538
2 0.317682 0.54243 0.0162576 0.0269848 0.49349
1 0.469281 0.726996 0.0155774 0.0297856 0.481334
1 0.357228 0.697819 0.0170992 0.0277057 0.477887
2 0.316985 0.513063 0.0177794 0.0219508 0.413435
1 0.0516344 0.72223 0.0162998 0.0295135 0.40386
1 0.86835 0.598724 0.0481222 0.0915722 0.859178
1 0.615844 0.749506 0.0520699 0.0910923 0.85429
1 0.781703 0.456385 0.0489287 0.0806871 0.833354
1 0.585487 0.286007 0.0385366 0.0736048 0.830518
1 0.224388 0.435004 0.0510662 0.0931704 0.823033
3 0.627914 0.241738 0.0414641 0.0716115 0.804467
1 0.402425 0.535981 0.0446104 0.0847154 0.78763
1 0.604531 0.690567 0.0474508 0.0580947 0.776215
1 0.779838 0.777662 0.0438103 0.0870082 0.763654
1 0.979723 0.524816 0.0391112 0.0776588 0.728408
1 0.909418 0.570182 0.0360291 0.0599033 0.673034
2 0.0774357 0.72766 0.0197751 0.0341475 0.546463
1 0.203053 0.436484 0.0336935 0.0953904 0.54281
1 0.369018 0.708309 0.0154762 0.0260573 0.525143
1 0.132292 0.618712 0.0212773 0.0270505 0.522538
2 0.317682 0.54243 0.0162576 0.0269848 0.49349
1 0.469281 0.726996 0.0155774 0.0297856 0.481334
1 0.357228 0.697819 0.0170992 0.0277057 0.477887
2 0.316985 0.513063 0.0177794 0.0219508 0.413435
1 0.0516344 0.72223 0.0162998 0.0295135 0.40386
