2 0.572233 0.67989 0.0560715 0.105673 0.802897
1 0.657993 0.672163 0.0541812 0.0728903 0.795075
1 0.690999 0.939296 0.0412962 0.0787098 0.793599
0 0.64856 0.874007 0.0334022 0.0691524 0.753457
1 0.539939 0.650799 0.0421728 0.0892685 0.715838
0 0.654438 0.949284 0.0311877 0.0721116 0.656634
1 0.649681 0.745289 0.0337805 0.0502585 0.408076
3 0.227279 0.511286 0.0246923 0.0474782 0.390969
1 0.0407042 0.885978 0.0177833 0.0295755 0.352747
2 0.989943 0.834385 0.0174368 0.0257946 0.30512
2 0.572314 0.679584 0.0560683 0.105344 0.803791
1 0.691011 0.939676 0.0414085 0.0789161 0.785987
1 0.657926 0.672059 0.0542324 0.0722612 0.779852
0 0.64857 0.874342 0.0335829 0.068947 0.757174
1 0.5399 0.650873 0.042304 0.0896515 0.724094
0 0.654377 0.950138 0.0313018 0.0735198 0.646881
1 0.0407339 0.885882 0.0179269 0.0297814 0.412538
1 0.649718 0.745414 0.0338673 0.050238 0.394616
3 0.227254 0.511338 0.0249231 0.0477609 0.380132
2 0.990024 0.834225 0.0171299 0.0248479 0.35283
2 0.572314 0.679584 0.0560683 0.105344 0.803791
1 0.691011 0.939676 0.0414085 0.0789161 0.785987
1 0.657926 0.672059 0.0542324 0.0722612 0.779852
0 0.64857 0.874342 0.0335829 0.068947 0.757174
1 0.5399 0.650873 0.042304 0.0896515 0.724094
0 0.654377 0.950138 0.0313018 0.0735198 0.646881
1 0.0407339 0.885882 0.0179269 0.0297814 0.412538
1 0.649718 0.745414 0.0338673 0.050238 0.394616
3 0.227254 0.511338 0.0249231 0.0477609 0.380132
2 0.990024 0.834225 0.0171299 0.0248479 0.35283
2 0.572314 0.679584 0.0560683 0.105344 0.803791
1 0.691011 0.939676 0.0414085 0.0789161 0.785987
1 0.657926 0.672059 0.0542324 0.0722612 0.779852
0 0.64857 0.874342 0.0335829 0.068947 0.757174
1 0.5399 0.650873 0.042304 0.0896515 0.724094
0 0.654377 0.950138 0.0313018 0.0735198 0.646881
1 0.0407339 0.885882 0.0179269 0.0297814 0.412538
1 0.649718 0.745414 0.0338673 0.050238 0.394616
3 0.227254 0.511338 0.0249231 0.0477609 0.380132
2 0.990024 0.834225 0.0171299 0.0248479 0.35283
