0 0.606881 0.820293 0.0217123 0.0389028 0.754079
0 0.664416 0.79947 0.0221996 0.0499438 0.747221
0 0.644236 0.772944 0.0219534 0.0397347 0.73018
0 0.691884 0.511215 0.0234219 0.0307702 0.728091
0 0.630884 0.781476 0.0168182 0.0369181 0.720518
0 0.76988 0.527764 0.015865 0.0282739 0.698577
0 0.669585 0.660971 0.0205324 0.0397006 0.681327
0 0.686204 0.589289 0.0175022 0.0355664 0.675293
0 0.660475 0.685283 0.0203407 0.0408418 0.643425
0 0.657069 0.719602 0.0181834 0.0414004 0.637529
0 0.716348 0.468542 0.016362 0.0292029 0.623056
0 0.642689 0.735478 0.0193962 0.0409893 0.579807
0 0.708092 0.540379 0.0151855 0.0359866 0.550268
0 0.645027 0.652439 0.018746 0.0275686 0.389201
0 0.664393 0.799509 0.0225943 0.0499938 0.748249
0 0.606812 0.820143 0.0217796 0.0389731 0.743225
0 0.644241 0.772851 0.0221619 0.0399684 0.724342
0 0.630898 0.781432 0.0169409 0.036999 0.712466
0 0.69188 0.511257 0.0236629 0.0309966 0.709368
0 0.669512 0.660576 0.0206533 0.0387954 0.687976
0 0.769881 0.527799 0.016291 0.0284764 0.67737
0 0.686241 0.589367 0.0175227 0.0357851 0.656895
0 0.660481 0.685209 0.0204218 0.0411501 0.649786
0 0.657072 0.719608 0.0181911 0.0414975 0.644629
0 0.716313 0.468563 0.0162424 0.0292909 0.588078
0 0.642754 0.735441 0.0195468 0.0411243 0.575918
0 0.708081 0.540382 0.0151533 0.0359129 0.536833
0 0.645034 0.652409 0.0188255 0.0278687 0.384652
0 0.664393 0.799509 0.0225943 0.0499938 0.748249
0 0.606812 0.820143 0.0217796 0.0389731 0.743225
0 0.644241 0.772851 0.0221619 0.0399684 0.724342
0 0.630898 0.781432 0.0169409 0.036999 0.712466
0 0.69188 0.511257 0.0236629 0.0309966 0.709368
0 0.669512 0.660576 0.0206533 0.0387954 0.687976
0 0.769881 0.527799 0.016291 0.0284764 0.67737
0 0.686241 0.589367 0.0175227 0.0357851 0.656895
0 0.660481 0.685209 0.0204218 0.0411501 0.649786
0 0.657072 0.719608 0.0181911 0.0414975 0.644629
0 0.716313 0.468563 0.0162424 0.0292909 0.588078
0 0.642754 0.735441 0.0195468 0.0411243 0.575918
0 0.708081 0.540382 0.0151533 0.0359129 0.536833
0 0.645034 0.652409 0.0188255 0.0278687 0.384652
0 0.664393 0.799509 0.0225943 0.0499938 0.748249
0 0.606812 0.820143 0.0217796 0.0389731 0.743225
0 0.644241 0.772851 0.0221619 0.0399684 0.724342
0 0.630898 0.781432 0.0169409 0.036999 0.712466
0 0.69188 0.511257 0.0236629 0.0309966 0.709368
0 0.669512 0.660576 0.0206533 0.0387954 0.687976
0 0.769881 0.527799 0.016291 0.0284764 0.67737
0 0.686241 0.589367 0.0175227 0.0357851 0.656895
0 0.660481 0.685209 0.0204218 0.0411501 0.649786
0 0.657072 0.719608 0.0181911 0.0414975 0.644629
0 0.716313 0.468563 0.0162424 0.0292909 0.588078
0 0.642754 0.735441 0.0195468 0.0411243 0.575918
0 0.708081 0.540382 0.0151533 0.0359129 0.536833
0 0.645034 0.652409 0.0188255 0.0278687 0.384652
