4 0.41199 0.799091 0.401853 0.396315 0.907246
4 0.789077 0.72388 0.421022 0.544339 0.888746
4 0.502494 0.308545 0.992176 0.615621 0.750042
4 0.116525 0.544003 0.230429 0.185019 0.588803
4 0.414355 0.798945 0.406236 0.397578 0.909292
4 0.78932 0.727164 0.421361 0.538792 0.883099
4 0.50114 0.309759 0.988949 0.607934 0.802151
4 0.116613 0.543762 0.230591 0.184674 0.629925
4 0.414355 0.798945 0.406236 0.397578 0.909292
4 0.78932 0.727164 0.421361 0.538792 0.883099
4 0.50114 0.309759 0.988949 0.607934 0.802151
4 0.116613 0.543762 0.230591 0.184674 0.629925
4 0.414355 0.798945 0.406236 0.397578 0.909292
4 0.78932 0.727164 0.421361 0.538792 0.883099
4 0.50114 0.309759 0.988949 0.607934 0.802151
4 0.116613 0.543762 0.230591 0.184674 0.629925
