0 0.654988 0.2752 0.05449 0.0610457 0.852389
2 0.131294 0.508049 0.0389197 0.0613116 0.794457
0 0.0277236 0.407846 0.0280046 0.0528805 0.775369
0 0.102951 0.234655 0.0325647 0.0584858 0.768282
2 0.929336 0.413831 0.0554802 0.0982046 0.765267
0 0.0412407 0.310417 0.05218 0.0704556 0.764408
0 0.244649 0.937433 0.0488368 0.0564605 0.742121
0 0.164591 0.836449 0.0305098 0.0589395 0.705117
0 0.137741 0.806332 0.0497498 0.0424796 0.693521
0 0.0136332 0.361727 0.0272664 0.0770795 0.618691
0 0.17338 0.135449 0.0224445 0.0422324 0.574129
0 0.0812541 0.449071 0.0249127 0.0480919 0.535582
2 0.585957 0.513701 0.0235653 0.0376918 0.516062
0 0.00586345 0.415148 0.0117269 0.0404369 0.506877
0 0.143027 0.756028 0.0339621 0.0320223 0.494916
2 0.52309 0.206836 0.0313225 0.0410358 0.402076
0 0.655144 0.275161 0.0547221 0.0611941 0.855702
2 0.131343 0.508026 0.0387931 0.0615889 0.791638
2 0.929277 0.413882 0.0549455 0.0979445 0.768599
0 0.0277053 0.407807 0.0281958 0.0530905 0.765272
0 0.102986 0.234548 0.0330173 0.0592338 0.756324
0 0.0412293 0.310438 0.0528162 0.0710711 0.754876
0 0.244631 0.937623 0.0482819 0.056219 0.746279
0 0.164554 0.836296 0.0301723 0.0584906 0.736245
0 0.137793 0.806205 0.0495309 0.0427184 0.70262
0 0.0136448 0.361775 0.0272895 0.0775819 0.647145
0 0.17341 0.135409 0.0226003 0.0427339 0.536331
2 0.585914 0.513548 0.0234827 0.037627 0.533653
0 0.00586701 0.415021 0.0117204 0.0411396 0.497968
0 0.0812042 0.44907 0.0253138 0.0484099 0.486007
0 0.142994 0.755894 0.0336874 0.0320176 0.478099
2 0.523103 0.207102 0.0305593 0.0402897 0.457853
1 0.422252 0.324382 0.0404961 0.0918062 0.431202
0 0.655144 0.275161 0.0547221 0.0611941 0.855702
2 0.131343 0.508026 0.0387931 0.0615889 0.791638
2 0.929277 0.413882 0.0549455 0.0979445 0.768599
0 0.0277053 0.407807 0.0281958 0.0530905 0.765272
0 0.102986 0.234548 0.0330173 0.0592338 0.756324
0 0.0412293 0.310438 0.0528162 0.0710711 0.754876
0 0.244631 0.937623 0.0482819 0.056219 0.746279
0 0.164554 0.836296 0.0301723 0.0584906 0.736245
0 0.137793 0.806205 0.0495309 0.0427184 0.70262
0 0.0136448 0.361775 0.0272895 0.0775819 0.647145
0 0.17341 0.135409 0.0226003 0.0427339 0.536331
2 0.585914 0.513548 0.0234827 0.037627 0.533653
0 0.00586701 0.415021 0.0117204 0.0411396 0.497968
0 0.0812042 0.44907 0.0253138 0.0484099 0.486007
0 0.142994 0.755894 0.0336874 0.0320176 0.478099
2 0.523103 0.207102 0.0305593 0.0402897 0.457853
1 0.422252 0.324382 0.0404961 0.0918062 0.431202
0 0.655144 0.275161 0.0547221 0.0611941 0.855702
2 0.131343 0.508026 0.0387931 0.0615889 0.791638
2 0.929277 0.413882 0.0549455 0.0979445 0.768599
0 0.0277053 0.407807 0.0281958 0.0530905 0.765272
0 0.102986 0.234548 0.0330173 0.0592338 0.756324
0 0.0412293 0.310438 0.0528162 0.0710711 0.754876
0 0.244631 0.937623 0.0482819 0.056219 0.746279
0 0.164554 0.836296 0.0301723 0.0584906 0.736245
0 0.137793 0.806205 0.0495309 0.0427184 0.70262
0 0.0136448 0.361775 0.0272895 0.0775819 0.647145
0 0.17341 0.135409 0.0226003 0.0427339 0.536331
2 0.585914 0.513548 0.0234827 0.037627 0.533653
0 0.00586701 0.415021 0.0117204 0.0411396 0.497968
0 0.0812042 0.44907 0.0253138 0.0484099 0.486007
0 0.142994 0.755894 0.0336874 0.0320176 0.478099
2 0.523103 0.207102 0.0305593 0.0402897 0.457853
1 0.422252 0.324382 0.0404961 0.0918062 0.431202
