1 0.33866 0.709217 0.0252338 0.0503063 0.70393
1 0.445737 0.856682 0.0319963 0.0503387 0.691252
1 0.595725 0.73052 0.040539 0.0533313 0.669198
1 0.60254 0.637335 0.0289459 0.0537662 0.646626
1 0.624781 0.666188 0.02241 0.0467255 0.628482
1 0.656738 0.660944 0.0335568 0.0570803 0.585961
2 0.493458 0.94075 0.0347658 0.0464705 0.438246
1 0.493596 0.940461 0.0341871 0.0474258 0.347737
4 0.167433 0.266177 0.333292 0.520084 0.305954
1 0.338676 0.709092 0.0249947 0.0500887 0.707781
1 0.44562 0.856731 0.0319492 0.0503953 0.680777
1 0.595672 0.730618 0.0401464 0.0530225 0.669263
1 0.602583 0.637358 0.0285423 0.0527478 0.647045
1 0.624824 0.666145 0.0215639 0.0462686 0.616403
1 0.656666 0.660858 0.0330783 0.0569949 0.533444
2 0.49353 0.940768 0.0351229 0.0472839 0.465472
1 0.493756 0.940679 0.0353035 0.0490551 0.354165
4 0.165773 0.268505 0.329285 0.520024 0.312647
2 0.656653 0.660034 0.0303902 0.057861 0.298107
1 0.324545 0.676955 0.024369 0.0287135 0.2676
1 0.338676 0.709092 0.0249947 0.0500887 0.707781
1 0.44562 0.856731 0.0319492 0.0503953 0.680777
1 0.595672 0.730618 0.0401464 0.0530225 0.669263
1 0.602583 0.637358 0.0285423 0.0527478 0.647045
1 0.624824 0.666145 0.0215639 0.0462686 0.616403
1 0.656666 0.660858 0.0330783 0.0569949 0.533444
2 0.49353 0.940768 0.0351229 0.0472839 0.465472
1 0.493756 0.940679 0.0353035 0.0490551 0.354165
4 0.165773 0.268505 0.329285 0.520024 0.312647
2 0.656653 0.660034 0.0303902 0.057861 0.298107
1 0.324545 0.676955 0.024369 0.0287135 0.2676
1 0.338676 0.709092 0.0249947 0.0500887 0.707781
1 0.44562 0.856731 0.0319492 0.0503953 0.680777
1 0.595672 0.730618 0.0401464 0.0530225 0.669263
1 0.602583 0.637358 0.0285423 0.0527478 0.647045
1 0.624824 0.666145 0.0215639 0.0462686 0.616403
1 0.656666 0.660858 0.0330783 0.0569949 0.533444
2 0.49353 0.940768 0.0351229 0.0472839 0.465472
1 0.493756 0.940679 0.0353035 0.0490551 0.354165
4 0.165773 0.268505 0.329285 0.520024 0.312647
2 0.656653 0.660034 0.0303902 0.057861 0.298107
1 0.324545 0.676955 0.024369 0.0287135 0.2676
