4 0.323301 0.480948 0.638678 0.932589 0.718209
4 0.84811 0.612321 0.30378 0.763215 0.717308
4 0.740464 0.233822 0.31002 0.466103 0.50936
4 0.129388 0.472139 0.258484 0.910268 0.492676
4 0.83956 0.614973 0.320539 0.759307 0.762376
4 0.322045 0.481177 0.633202 0.919457 0.685631
4 0.735611 0.238847 0.315192 0.474932 0.569002
4 0.133628 0.467186 0.267207 0.898994 0.505597
4 0.83956 0.614973 0.320539 0.759307 0.762376
4 0.322045 0.481177 0.633202 0.919457 0.685631
4 0.735611 0.238847 0.315192 0.474932 0.569002
4 0.133628 0.467186 0.267207 0.898994 0.505597
4 0.83956 0.614973 0.320539 0.759307 0.762376
4 0.322045 0.481177 0.633202 0.919457 0.685631
4 0.735611 0.238847 0.315192 0.474932 0.569002
4 0.133628 0.467186 0.267207 0.898994 0.505597
