2 0.324974 0.0890267 0.0450044 0.0631178 0.876429
2 0.479298 0.530874 0.0426275 0.0532184 0.848883
2 0.513836 0.0172213 0.0542152 0.0344425 0.81133
2 0.389167 0.822279 0.0403848 0.0579698 0.768613
2 0.489358 0.586283 0.0403781 0.0639127 0.759662
1 0.0893939 0.70445 0.0386568 0.0613242 0.42316
2 0.324948 0.0891533 0.0452333 0.0631236 0.871858
2 0.479286 0.530842 0.0427675 0.0535008 0.842322
2 0.51405 0.0170544 0.0537608 0.0341088 0.807957
2 0.489313 0.58623 0.0406855 0.0639958 0.754994
2 0.38913 0.822091 0.042759 0.0598874 0.728494
1 0.0894412 0.704191 0.0382179 0.0610198 0.433602
1 0.128316 0.0285958 0.048178 0.0557704 0.328172
2 0.324948 0.0891533 0.0452333 0.0631236 0.871858
2 0.479286 0.530842 0.0427675 0.0535008 0.842322
2 0.51405 0.0170544 0.0537608 0.0341088 0.807957
2 0.489313 0.58623 0.0406855 0.0639958 0.754994
2 0.38913 0.822091 0.042759 0.0598874 0.728494
1 0.0894412 0.704191 0.0382179 0.0610198 0.433602
1 0.128316 0.0285958 0.048178 0.0557704 0.328172
2 0.324948 0.0891533 0.0452333 0.0631236 0.871858
2 0.479286 0.530842 0.0427675 0.0535008 0.842322
2 0.51405 0.0170544 0.0537608 0.0341088 0.807957
2 0.489313 0.58623 0.0406855 0.0639958 0.754994
2 0.38913 0.822091 0.042759 0.0598874 0.728494
1 0.0894412 0.704191 0.0382179 0.0610198 0.433602
1 0.128316 0.0285958 0.048178 0.0557704 0.328172
