0 0.282184 0.552637 0.0491723 0.0700485 0.827593
0 0.487852 0.651941 0.0528158 0.0782705 0.748162
0 0.24953 0.35839 0.0343895 0.0454961 0.725063
0 0.319838 0.108632 0.0282181 0.0663237 0.622361
0 0.282147 0.552659 0.049479 0.0703379 0.828527
0 0.48784 0.651958 0.053017 0.07849 0.745094
0 0.249653 0.358279 0.0344379 0.0462676 0.743413
0 0.31989 0.108552 0.0268874 0.0657574 0.695556
0 0.373616 0.358143 0.0250182 0.0555073 0.324695
0 0.282147 0.552659 0.049479 0.0703379 0.828527
0 0.48784 0.651958 0.053017 0.07849 0.745094
0 0.249653 0.358279 0.0344379 0.0462676 0.743413
0 0.31989 0.108552 0.0268874 0.0657574 0.695556
0 0.373616 0.358143 0.0250182 0.0555073 0.324695
0 0.282147 0.552659 0.049479 0.0703379 0.828527
0 0.48784 0.651958 0.053017 0.07849 0.745094
0 0.249653 0.358279 0.0344379 0.0462676 0.743413
0 0.31989 0.108552 0.0268874 0.0657574 0.695556
0 0.373616 0.358143 0.0250182 0.0555073 0.324695
