1 0.338835 0.0648855 0.0756557 0.118914 0.832218
1 0.219615 0.526478 0.0671097 0.0826935 0.776432
1 0.265685 0.746441 0.0598238 0.123189 0.773796
1 0.363995 0.398765 0.0539374 0.110142 0.770982
1 0.868071 0.728907 0.0338711 0.065053 0.716286
0 0.251277 0.662818 0.0437713 0.0608166 0.692254
1 0.810063 0.396038 0.028484 0.0401198 0.662361
1 0.878888 0.273249 0.0343108 0.0500048 0.634065
1 0.662464 0.411201 0.0227148 0.0550071 0.353117
1 0.456069 0.341412 0.024321 0.0305555 0.332562
1 0.339521 0.063198 0.079882 0.116563 0.792612
1 0.219251 0.525976 0.0685983 0.0854861 0.776639
1 0.265781 0.74658 0.0599676 0.123336 0.775348
1 0.364177 0.398801 0.0541984 0.110198 0.774488
1 0.868189 0.728912 0.034183 0.065186 0.714887
0 0.25135 0.662976 0.0445202 0.0615725 0.69134
1 0.810179 0.395892 0.028376 0.0404529 0.667664
1 0.878723 0.274009 0.0337811 0.0491591 0.641839
1 0.45598 0.341203 0.0248524 0.0314984 0.285982
1 0.662439 0.411342 0.0226082 0.0543496 0.275502
1 0.339521 0.063198 0.079882 0.116563 0.792612
1 0.219251 0.525976 0.0685983 0.0854861 0.776639
1 0.265781 0.74658 0.0599676 0.123336 0.775348
1 0.364177 0.398801 0.0541984 0.110198 0.774488
1 0.868189 0.728912 0.034183 0.065186 0.714887
0 0.25135 0.662976 0.0445202 0.0615725 0.69134
1 0.810179 0.395892 0.028376 0.0404529 0.667664
1 0.878723 0.274009 0.0337811 0.0491591 0.641839
1 0.45598 0.341203 0.0248524 0.0314984 0.285982
1 0.662439 0.411342 0.0226082 0.0543496 0.275502
1 0.339521 0.063198 0.079882 0.116563 0.792612
1 0.219251 0.525976 0.0685983 0.0854861 0.776639
1 0.265781 0.74658 0.0599676 0.123336 0.775348
1 0.364177 0.398801 0.0541984 0.110198 0.774488
1 0.868189 0.728912 0.034183 0.065186 0.714887
0 0.25135 0.662976 0.0445202 0.0615725 0.69134
1 0.810179 0.395892 0.028376 0.0404529 0.667664
1 0.878723 0.274009 0.0337811 0.0491591 0.641839
1 0.45598 0.341203 0.0248524 0.0314984 0.285982
1 0.662439 0.411342 0.0226082 0.0543496 0.275502
