1 0.431179 0.677009 0.0471783 0.109697 0.880957
0 0.571454 0.596665 0.0450959 0.106662 0.841076
0 0.559135 0.690667 0.0446976 0.0845148 0.832586
1 0.391486 0.618278 0.0510862 0.052955 0.802589
2 0.258868 0.759984 0.0539469 0.131332 0.714307
2 0.561831 0.470779 0.0441147 0.126032 0.686958
1 0.934796 0.605557 0.047929 0.10706 0.574093
1 0.431154 0.677192 0.0473402 0.109805 0.878061
0 0.5714 0.596881 0.0451746 0.106668 0.84461
0 0.559199 0.690929 0.0450062 0.0842468 0.835333
1 0.391477 0.618284 0.0512255 0.0531554 0.786945
2 0.258974 0.759851 0.0529411 0.130265 0.710155
2 0.561418 0.471076 0.0434172 0.130114 0.701391
1 0.934543 0.605053 0.0486643 0.105943 0.507447
1 0.431154 0.677192 0.0473402 0.109805 0.878061
0 0.5714 0.596881 0.0451746 0.106668 0.84461
0 0.559199 0.690929 0.0450062 0.0842468 0.835333
1 0.391477 0.618284 0.0512255 0.0531554 0.786945
2 0.258974 0.759851 0.0529411 0.130265 0.710155
2 0.561418 0.471076 0.0434172 0.130114 0.701391
1 0.934543 0.605053 0.0486643 0.105943 0.507447
1 0.431154 0.677192 0.0473402 0.109805 0.878061
0 0.5714 0.596881 0.0451746 0.106668 0.84461
0 0.559199 0.690929 0.0450062 0.0842468 0.835333
1 0.391477 0.618284 0.0512255 0.0531554 0.786945
2 0.258974 0.759851 0.0529411 0.130265 0.710155
2 0.561418 0.471076 0.0434172 0.130114 0.701391
1 0.934543 0.605053 0.0486643 0.105943 0.507447
