1 0.256213 0.2852 0.0708962 0.119136 0.860154
1 0.350006 0.237985 0.0713439 0.163412 0.85234
1 0.324352 0.38132 0.0856769 0.0910397 0.84892
1 0.222089 0.0672095 0.0560608 0.108672 0.841651
1 0.505517 0.932452 0.0846077 0.0967404 0.813317
1 0.451318 0.214655 0.0655611 0.0878542 0.794434
1 0.340926 0.914853 0.0735107 0.0796647 0.785526
1 0.341545 0.440291 0.0592937 0.0942559 0.78316
1 0.40249 0.804516 0.0459583 0.0823406 0.773425
0 0.490965 0.837898 0.061964 0.0544962 0.770043
0 0.457289 0.543787 0.0533588 0.0530867 0.752339
1 0.315375 0.548081 0.0666656 0.0832473 0.745575
0 0.392693 0.909478 0.0412271 0.0724539 0.736254
2 0.0186242 0.972585 0.0372484 0.0548302 0.727333
0 0.463113 0.43377 0.0498726 0.0587747 0.692414
0 0.346424 0.8516 0.0621613 0.0845616 0.691814
0 0.427664 0.370715 0.0458352 0.0883955 0.632697
1 0.47405 0.312427 0.062541 0.0631797 0.527801
1 0.062788 0.170989 0.0285406 0.0570508 0.464479
1 0.0840888 0.202085 0.0671668 0.0790072 0.403791
1 0.256153 0.285249 0.0709855 0.119322 0.863449
1 0.350063 0.23786 0.0711742 0.163502 0.848432
1 0.324435 0.381231 0.0855015 0.0911075 0.846131
1 0.22252 0.0665398 0.0568134 0.108663 0.837068
1 0.50526 0.932252 0.0840097 0.0965462 0.816345
1 0.34133 0.914526 0.0724815 0.0790075 0.79532
1 0.451379 0.214523 0.0658813 0.0881229 0.791099
1 0.341485 0.440444 0.0599908 0.0948482 0.782544
1 0.402449 0.804635 0.0455195 0.0822966 0.778739
0 0.490461 0.838387 0.0612347 0.0531701 0.774208
2 0.0186935 0.971783 0.0373833 0.0564334 0.754312
0 0.457354 0.544003 0.0534575 0.0535755 0.748017
1 0.315376 0.548102 0.0665707 0.0829679 0.74627
0 0.392584 0.909444 0.041223 0.0723393 0.741425
0 0.463151 0.433823 0.0498585 0.0592867 0.692214
0 0.346449 0.85175 0.0616973 0.0844424 0.689635
0 0.427661 0.371035 0.0460498 0.0894766 0.636749
1 0.474118 0.312484 0.0628418 0.063508 0.508141
1 0.0629719 0.170711 0.0282299 0.0568729 0.446244
1 0.0824587 0.200661 0.0648395 0.0786769 0.277892
1 0.256153 0.285249 0.0709855 0.119322 0.863449
1 0.350063 0.23786 0.0711742 0.163502 0.848432
1 0.324435 0.381231 0.0855015 0.0911075 0.846131
1 0.22252 0.0665398 0.0568134 0.108663 0.837068
1 0.50526 0.932252 0.0840097 0.0965462 0.816345
1 0.34133 0.914526 0.0724815 0.0790075 0.79532
1 0.451379 0.214523 0.0658813 0.0881229 0.791099
1 0.341485 0.440444 0.0599908 0.0948482 0.782544
1 0.402449 0.804635 0.0455195 0.0822966 0.778739
0 0.490461 0.838387 0.0612347 0.0531701 0.774208
2 0.0186935 0.971783 0.0373833 0.0564334 0.754312
0 0.457354 0.544003 0.0534575 0.0535755 0.748017
1 0.315376 0.548102 0.0665707 0.0829679 0.74627
0 0.392584 0.909444 0.041223 0.0723393 0.741425
0 0.463151 0.433823 0.0498585 0.0592867 0.692214
0 0.346449 0.85175 0.0616973 0.0844424 0.689635
0 0.427661 0.371035 0.0460498 0.0894766 0.636749
1 0.474118 0.312484 0.0628418 0.063508 0.508141
1 0.0629719 0.170711 0.0282299 0.0568729 0.446244
1 0.0824587 0.200661 0.0648395 0.0786769 0.277892
1 0.256153 0.285249 0.0709855 0.119322 0.863449
1 0.350063 0.23786 0.0711742 0.163502 0.848432
1 0.324435 0.381231 0.0855015 0.0911075 0.846131
1 0.22252 0.0665398 0.0568134 0.108663 0.837068
1 0.50526 0.932252 0.0840097 0.0965462 0.816345
1 0.34133 0.914526 0.0724815 0.0790075 0.79532
1 0.451379 0.214523 0.0658813 0.0881229 0.791099
1 0.341485 0.440444 0.0599908 0.0948482 0.782544
1 0.402449 0.804635 0.0455195 0.0822966 0.778739
0 0.490461 0.838387 0.0612347 0.0531701 0.774208
2 0.0186935 0.971783 0.0373833 0.0564334 0.754312
0 0.457354 0.544003 0.0534575 0.0535755 0.748017
1 0.315376 0.548102 0.0665707 0.0829679 0.74627
0 0.392584 0.909444 0.041223 0.0723393 0.741425
0 0.463151 0.433823 0.0498585 0.0592867 0.692214
0 0.346449 0.85175 0.0616973 0.0844424 0.689635
0 0.427661 0.371035 0.0460498 0.0894766 0.636749
1 0.474118 0.312484 0.0628418 0.063508 0.508141
1 0.0629719 0.170711 0.0282299 0.0568729 0.446244
1 0.0824587 0.200661 0.0648395 0.0786769 0.277892
