3 0.722318 0.542455 0.0807845 0.132625 0.867763
1 0.667053 0.313571 0.066905 0.110595 0.858972
2 0.244057 0.441556 0.0197919 0.0266683 0.726129
1 0.0148764 0.596419 0.0297529 0.0518888 0.697532
0 0.0473358 0.697902 0.0240828 0.0302303 0.619013
1 0.680579 0.661899 0.0640317 0.121706 0.608982
0 0.253004 0.630217 0.0163561 0.0269618 0.598753
0 0.192331 0.526855 0.0172175 0.0212873 0.594355
0 0.172564 0.52625 0.0148285 0.0250798 0.566249
1 0.0193918 0.549909 0.0324983 0.0255496 0.554485
2 0.680652 0.66243 0.0639446 0.120903 0.538067
0 0.824717 0.673927 0.0175373 0.0325419 0.528465
2 0.258289 0.546328 0.0139418 0.0231067 0.50655
0 0.232842 0.65804 0.0111723 0.0243049 0.505886
0 0.23955 0.711669 0.0147628 0.0258978 0.496265
0 0.818695 0.708738 0.0157043 0.0275724 0.47122
2 0.802472 0.572455 0.0195129 0.0319573 0.435384
0 0.0374384 0.744513 0.0235366 0.0255892 0.397811
0 0.164736 0.509804 0.0151799 0.018489 0.391532
3 0.116097 0.579187 0.0109255 0.018653 0.338168
0 0.252424 0.665966 0.0117414 0.0241412 0.329205
3 0.722259 0.542631 0.0807693 0.132568 0.871283
1 0.666969 0.31369 0.067137 0.110552 0.859758
2 0.244081 0.441533 0.0198322 0.0266804 0.727102
1 0.0150136 0.59637 0.0300271 0.0519241 0.694317
0 0.19234 0.526957 0.0173493 0.0213839 0.625442
0 0.0472709 0.697837 0.0242894 0.0304176 0.615359
0 0.172498 0.526282 0.0151092 0.0252319 0.608043
0 0.252998 0.630081 0.016294 0.0267165 0.59513
2 0.680705 0.662508 0.063886 0.120781 0.586692
1 0.680636 0.661994 0.0640457 0.121503 0.567646
1 0.0194024 0.549893 0.0323441 0.0256096 0.562378
0 0.824713 0.673945 0.0174517 0.0324094 0.553722
2 0.258323 0.546285 0.0139533 0.0227063 0.527673
0 0.232909 0.657905 0.0110518 0.023695 0.49937
0 0.818699 0.708763 0.0156603 0.0275249 0.49612
0 0.239538 0.711654 0.0147824 0.0256594 0.478217
2 0.802498 0.572476 0.0195934 0.0321662 0.434914
0 0.164679 0.509856 0.0153656 0.0186685 0.416048
0 0.0373878 0.744468 0.0237232 0.0257573 0.406806
1 0.194662 0.614656 0.0170908 0.0332426 0.330443
0 0.252514 0.665938 0.0115332 0.0235629 0.322581
3 0.116076 0.57916 0.0112472 0.0189195 0.320641
2 0.239363 0.497833 0.0160772 0.0219175 0.283777
3 0.722259 0.542631 0.0807693 0.132568 0.871283
1 0.666969 0.31369 0.067137 0.110552 0.859758
2 0.244081 0.441533 0.0198322 0.0266804 0.727102
1 0.0150136 0.59637 0.0300271 0.0519241 0.694317
0 0.19234 0.526957 0.0173493 0.0213839 0.625442
0 0.0472709 0.697837 0.0242894 0.0304176 0.615359
0 0.172498 0.526282 0.0151092 0.0252319 0.608043
0 0.252998 0.630081 0.016294 0.0267165 0.59513
2 0.680705 0.662508 0.063886 0.120781 0.586692
1 0.680636 0.661994 0.0640457 0.121503 0.567646
1 0.0194024 0.549893 0.0323441 0.0256096 0.562378
0 0.824713 0.673945 0.0174517 0.0324094 0.553722
2 0.258323 0.546285 0.0139533 0.0227063 0.527673
0 0.232909 0.657905 0.0110518 0.023695 0.49937
0 0.818699 0.708763 0.0156603 0.0275249 0.49612
0 0.239538 0.711654 0.0147824 0.0256594 0.478217
2 0.802498 0.572476 0.0195934 0.0321662 0.434914
0 0.164679 0.509856 0.0153656 0.0186685 0.416048
0 0.0373878 0.744468 0.0237232 0.0257573 0.406806
1 0.194662 0.614656 0.0170908 0.0332426 0.330443
0 0.252514 0.665938 0.0115332 0.0235629 0.322581
3 0.116076 0.57916 0.0112472 0.0189195 0.320641
2 0.239363 0.497833 0.0160772 0.0219175 0.283777
3 0.722259 0.542631 0.0807693 0.132568 0.871283
1 0.666969 0.31369 0.067137 0.110552 0.859758
2 0.244081 0.441533 0.0198322 0.0266804 0.727102
1 0.0150136 0.59637 0.0300271 0.0519241 0.694317
0 0.19234 0.526957 0.0173493 0.0213839 0.625442
0 0.0472709 0.697837 0.0242894 0.0304176 0.615359
0 0.172498 0.526282 0.0151092 0.0252319 0.608043
0 0.252998 0.630081 0.016294 0.0267165 0.59513
2 0.680705 0.662508 0.063886 0.120781 0.586692
1 0.680636 0.661994 0.0640457 0.121503 0.567646
1 0.0194024 0.549893 0.0323441 0.0256096 0.562378
0 0.824713 0.673945 0.0174517 0.0324094 0.553722
2 0.258323 0.546285 0.0139533 0.0227063 0.527673
0 0.232909 0.657905 0.0110518 0.023695 0.49937
0 0.818699 0.708763 0.0156603 0.0275249 0.49612
0 0.239538 0.711654 0.0147824 0.0256594 0.478217
2 0.802498 0.572476 0.0195934 0.0321662 0.434914
0 0.164679 0.509856 0.0153656 0.0186685 0.416048
0 0.0373878 0.744468 0.0237232 0.0257573 0.406806
1 0.194662 0.614656 0.0170908 0.0332426 0.330443
0 0.252514 0.665938 0.0115332 0.0235629 0.322581
3 0.116076 0.57916 0.0112472 0.0189195 0.320641
2 0.239363 0.497833 0.0160772 0.0219175 0.283777
