3 0.767424 0.754696 0.0200983 0.0463548 0.815792
3 0.673601 0.666196 0.0260439 0.0526464 0.814369
3 0.176597 0.725139 0.0213042 0.0493828 0.806743
2 0.771729 0.680474 0.0253233 0.0422727 0.701553
3 0.725276 0.715988 0.0149185 0.0317368 0.531751
3 0.767471 0.754634 0.0202365 0.0464056 0.817319
3 0.176556 0.725155 0.0211604 0.0491812 0.814429
3 0.673616 0.66618 0.02605 0.0526147 0.80393
2 0.771763 0.680459 0.0253498 0.0424661 0.697472
3 0.72499 0.715872 0.0154816 0.0319655 0.515678
3 0.727137 0.583312 0.0145523 0.0316599 0.25058
3 0.767471 0.754634 0.0202365 0.0464056 0.817319
3 0.176556 0.725155 0.0211604 0.0491812 0.814429
3 0.673616 0.66618 0.02605 0.0526147 0.80393
2 0.771763 0.680459 0.0253498 0.0424661 0.697472
3 0.72499 0.715872 0.0154816 0.0319655 0.515678
3 0.727137 0.583312 0.0145523 0.0316599 0.25058
3 0.767471 0.754634 0.0202365 0.0464056 0.817319
3 0.176556 0.725155 0.0211604 0.0491812 0.814429
3 0.673616 0.66618 0.02605 0.0526147 0.80393
2 0.771763 0.680459 0.0253498 0.0424661 0.697472
3 0.72499 0.715872 0.0154816 0.0319655 0.515678
3 0.727137 0.583312 0.0145523 0.0316599 0.25058
