1 0.801307 0.862407 0.039872 0.0443622 0.894931
4 0.264215 0.561658 0.525035 0.868392 0.867959
2 0.613195 0.439936 0.0389539 0.051326 0.821619
2 0.986746 0.479216 0.0265079 0.0469502 0.535263
1 0.801306 0.862367 0.039983 0.0444702 0.890305
4 0.265458 0.563244 0.528486 0.873512 0.869383
2 0.613335 0.440045 0.0390605 0.0514436 0.810609
2 0.986641 0.479263 0.0267176 0.0470391 0.587219
1 0.801306 0.862367 0.039983 0.0444702 0.890305
4 0.265458 0.563244 0.528486 0.873512 0.869383
2 0.613335 0.440045 0.0390605 0.0514436 0.810609
2 0.986641 0.479263 0.0267176 0.0470391 0.587219
1 0.801306 0.862367 0.039983 0.0444702 0.890305
4 0.265458 0.563244 0.528486 0.873512 0.869383
2 0.613335 0.440045 0.0390605 0.0514436 0.810609
2 0.986641 0.479263 0.0267176 0.0470391 0.587219
