1 0.498051 0.265413 0.0754436 0.138691 0.845324
1 0.66568 0.77952 0.0854583 0.146567 0.830301
1 0.628387 0.0900453 0.132213 0.149642 0.794396
0 0.639727 0.224782 0.0600344 0.0754829 0.782897
1 0.660194 0.68466 0.0763432 0.110652 0.745472
1 0.509151 0.679486 0.0576947 0.113066 0.742865
1 0.752924 0.475068 0.015882 0.027977 0.611054
1 0.717264 0.497806 0.0211446 0.0269498 0.59454
1 0.761713 0.407442 0.0172839 0.0362508 0.570692
1 0.73705 0.458788 0.0164703 0.0301537 0.541684
1 0.799536 0.356812 0.0182461 0.0354424 0.452031
1 0.773223 0.393783 0.0163971 0.02755 0.362879
1 0.498021 0.264984 0.0755087 0.139035 0.846892
1 0.665616 0.779056 0.0847885 0.145558 0.83493
0 0.639606 0.224554 0.0603394 0.0767948 0.793291
1 0.62904 0.0891762 0.133312 0.150382 0.786946
1 0.660415 0.684331 0.0753508 0.113306 0.751333
1 0.5092 0.679462 0.0580015 0.112173 0.743588
1 0.753004 0.475055 0.0160954 0.0284092 0.610817
1 0.717229 0.497814 0.0214373 0.0274245 0.60169
1 0.761687 0.407475 0.0176569 0.0366652 0.573493
1 0.737029 0.458807 0.0165516 0.0304979 0.548073
1 0.799523 0.356721 0.0181423 0.035459 0.420967
1 0.773411 0.393858 0.0169701 0.0282915 0.358063
1 0.741739 0.501771 0.0119858 0.0209057 0.254101
1 0.498021 0.264984 0.0755087 0.139035 0.846892
1 0.665616 0.779056 0.0847885 0.145558 0.83493
0 0.639606 0.224554 0.0603394 0.0767948 0.793291
1 0.62904 0.0891762 0.133312 0.150382 0.786946
1 0.660415 0.684331 0.0753508 0.113306 0.751333
1 0.5092 0.679462 0.0580015 0.112173 0.743588
1 0.753004 0.475055 0.0160954 0.0284092 0.610817
1 0.717229 0.497814 0.0214373 0.0274245 0.60169
1 0.761687 0.407475 0.0176569 0.0366652 0.573493
1 0.737029 0.458807 0.0165516 0.0304979 0.548073
1 0.799523 0.356721 0.0181423 0.035459 0.420967
1 0.773411 0.393858 0.0169701 0.0282915 0.358063
1 0.741739 0.501771 0.0119858 0.0209057 0.254101
1 0.498021 0.264984 0.0755087 0.139035 0.846892
1 0.665616 0.779056 0.0847885 0.145558 0.83493
0 0.639606 0.224554 0.0603394 0.0767948 0.793291
1 0.62904 0.0891762 0.133312 0.150382 0.786946
1 0.660415 0.684331 0.0753508 0.113306 0.751333
1 0.5092 0.679462 0.0580015 0.112173 0.743588
1 0.753004 0.475055 0.0160954 0.0284092 0.610817
1 0.717229 0.497814 0.0214373 0.0274245 0.60169
1 0.761687 0.407475 0.0176569 0.0366652 0.573493
1 0.737029 0.458807 0.0165516 0.0304979 0.548073
1 0.799523 0.356721 0.0181423 0.035459 0.420967
1 0.773411 0.393858 0.0169701 0.0282915 0.358063
1 0.741739 0.501771 0.0119858 0.0209057 0.254101
