3 0.353086 0.381081 0.0378805 0.0898816 0.845508
3 0.756995 0.951662 0.0504032 0.0954956 0.819131
3 0.766676 0.8076 0.0647923 0.0826691 0.816629
3 0.665755 0.390663 0.053651 0.102175 0.794995
3 0.327096 0.362204 0.0355169 0.0744743 0.783303
3 0.542162 0.177675 0.0536112 0.0888118 0.779789
2 0.78275 0.238414 0.0439659 0.0885524 0.777958
2 0.0541589 0.274243 0.0741471 0.105191 0.728677
1 0.690905 0.712235 0.0442014 0.0859171 0.719698
2 0.985166 0.205031 0.029546 0.0956956 0.717789
3 0.604626 0.369726 0.0455341 0.0709969 0.707179
3 0.528992 0.393787 0.0369917 0.107473 0.701028
2 0.660012 0.662748 0.0286274 0.0513437 0.690083
3 0.479123 0.41469 0.0344891 0.108444 0.687267
3 0.400115 0.359509 0.0313676 0.0680925 0.666682
3 0.557901 0.412722 0.0355495 0.105454 0.662941
2 0.313951 0.521612 0.0214497 0.0419025 0.632639
2 0.620056 0.568749 0.0309385 0.0501362 0.590787
2 0.614371 0.743911 0.0282139 0.044893 0.562095
2 0.281264 0.393802 0.0145292 0.0273539 0.527368
3 0.590515 0.473597 0.0302265 0.0592782 0.502737
3 0.813557 0.887781 0.0267296 0.0539506 0.488748
2 0.049487 0.570054 0.018691 0.0293058 0.411558
2 0.0223952 0.411063 0.0209181 0.0356941 0.36841
3 0.288517 0.315275 0.0301534 0.0831618 0.322133
3 0.353111 0.381108 0.0379472 0.090284 0.843787
3 0.757067 0.951482 0.0512078 0.0966111 0.828672
3 0.766665 0.807762 0.0643223 0.0817883 0.819039
3 0.66578 0.390686 0.0536124 0.10212 0.797204
3 0.327183 0.362288 0.0359214 0.0748156 0.776164
2 0.782698 0.238517 0.043558 0.0876122 0.774646
3 0.542222 0.177599 0.0536486 0.0887838 0.771403
2 0.0541327 0.275137 0.0738013 0.106858 0.745326
2 0.984972 0.204933 0.0299335 0.0960036 0.715077
1 0.690766 0.712035 0.0430314 0.084995 0.714603
3 0.604657 0.369587 0.0456368 0.0714561 0.708132
3 0.528971 0.393759 0.0369835 0.107736 0.706554
2 0.660029 0.662845 0.0285963 0.0510986 0.697115
3 0.479141 0.414681 0.0345217 0.108292 0.689452
3 0.400158 0.359465 0.0316143 0.0683882 0.670798
3 0.557885 0.412822 0.0356374 0.105344 0.668827
2 0.313957 0.521622 0.0216598 0.0420459 0.627623
2 0.62006 0.568689 0.0310791 0.0500362 0.555966
2 0.61431 0.743928 0.0275696 0.0443345 0.549508
3 0.813633 0.887855 0.0270405 0.0539867 0.542204
2 0.281251 0.393825 0.0146861 0.0275451 0.515247
3 0.590399 0.473549 0.0303168 0.058925 0.480764
2 0.0494865 0.570087 0.0188312 0.029518 0.442564
2 0.022035 0.41158 0.0196512 0.033951 0.383221
3 0.288369 0.315395 0.0302258 0.0828424 0.356139
3 0.353111 0.381108 0.0379472 0.090284 0.843787
3 0.757067 0.951482 0.0512078 0.0966111 0.828672
3 0.766665 0.807762 0.0643223 0.0817883 0.819039
3 0.66578 0.390686 0.0536124 0.10212 0.797204
3 0.327183 0.362288 0.0359214 0.0748156 0.776164
2 0.782698 0.238517 0.043558 0.0876122 0.774646
3 0.542222 0.177599 0.0536486 0.0887838 0.771403
2 0.0541327 0.275137 0.0738013 0.106858 0.745326
2 0.984972 0.204933 0.0299335 0.0960036 0.715077
1 0.690766 0.712035 0.0430314 0.084995 0.714603
3 0.604657 0.369587 0.0456368 0.0714561 0.708132
3 0.528971 0.393759 0.0369835 0.107736 0.706554
2 0.660029 0.662845 0.0285963 0.0510986 0.697115
3 0.479141 0.414681 0.0345217 0.108292 0.689452
3 0.400158 0.359465 0.0316143 0.0683882 0.670798
3 0.557885 0.412822 0.0356374 0.105344 0.668827
2 0.313957 0.521622 0.0216598 0.0420459 0.627623
2 0.62006 0.568689 0.0310791 0.0500362 0.555966
2 0.61431 0.743928 0.0275696 0.0443345 0.549508
3 0.813633 0.887855 0.0270405 0.0539867 0.542204
2 0.281251 0.393825 0.0146861 0.0275451 0.515247
3 0.590399 0.473549 0.0303168 0.058925 0.480764
2 0.0494865 0.570087 0.0188312 0.029518 0.442564
2 0.022035 0.41158 0.0196512 0.033951 0.383221
3 0.288369 0.315395 0.0302258 0.0828424 0.356139
3 0.353111 0.381108 0.0379472 0.090284 0.843787
3 0.757067 0.951482 0.0512078 0.0966111 0.828672
3 0.766665 0.807762 0.0643223 0.0817883 0.819039
3 0.66578 0.390686 0.0536124 0.10212 0.797204
3 0.327183 0.362288 0.0359214 0.0748156 0.776164
2 0.782698 0.238517 0.043558 0.0876122 0.774646
3 0.542222 0.177599 0.0536486 0.0887838 0.771403
2 0.0541327 0.275137 0.0738013 0.106858 0.745326
2 0.984972 0.204933 0.0299335 0.0960036 0.715077
1 0.690766 0.712035 0.0430314 0.084995 0.714603
3 0.604657 0.369587 0.0456368 0.0714561 0.708132
3 0.528971 0.393759 0.0369835 0.107736 0.706554
2 0.660029 0.662845 0.0285963 0.0510986 0.697115
3 0.479141 0.414681 0.0345217 0.108292 0.689452
3 0.400158 0.359465 0.0316143 0.0683882 0.670798
3 0.557885 0.412822 0.0356374 0.105344 0.668827
2 0.313957 0.521622 0.0216598 0.0420459 0.627623
2 0.62006 0.568689 0.0310791 0.0500362 0.555966
2 0.61431 0.743928 0.0275696 0.0443345 0.549508
3 0.813633 0.887855 0.0270405 0.0539867 0.542204
2 0.281251 0.393825 0.0146861 0.0275451 0.515247
3 0.590399 0.473549 0.0303168 0.058925 0.480764
2 0.0494865 0.570087 0.0188312 0.029518 0.442564
2 0.022035 0.41158 0.0196512 0.033951 0.383221
3 0.288369 0.315395 0.0302258 0.0828424 0.356139
