1 0.563589 0.345695 0.0321047 0.05479 0.739454
0 0.711551 0.528027 0.0168909 0.0301598 0.64427
0 0.952722 0.507417 0.0174023 0.0295272 0.635014
1 0.951272 0.570208 0.0232193 0.0456494 0.628772
0 0.944158 0.602604 0.0153824 0.0249975 0.610333
0 0.962766 0.627432 0.0155804 0.0290491 0.607076
1 0.988897 0.375383 0.0216679 0.0745815 0.563706
0 0.970319 0.417186 0.0295029 0.0378256 0.537488
1 0.96538 0.350239 0.02388 0.0453062 0.48134
0 0.700983 0.500896 0.0137756 0.02394 0.475778
0 0.208144 0.55718 0.0162453 0.024078 0.396737
0 0.704241 0.405176 0.0151997 0.02615 0.3732
0 0.468082 0.509879 0.0162224 0.0256751 0.368589
0 0.965416 0.350312 0.0228947 0.0443241 0.359867
1 0.563503 0.345737 0.0319284 0.0545456 0.744847
0 0.952721 0.507384 0.0174213 0.0293945 0.644044
0 0.711539 0.528048 0.0167432 0.029813 0.638307
0 0.944188 0.602644 0.0154135 0.0251002 0.618104
0 0.962742 0.627381 0.0153173 0.0285671 0.602906
1 0.951305 0.570234 0.0228416 0.0454795 0.58816
1 0.989007 0.375259 0.0214405 0.0744365 0.581979
0 0.97037 0.417142 0.0291584 0.0374124 0.571703
0 0.700978 0.500989 0.0136115 0.0237281 0.472287
1 0.965346 0.350262 0.0236299 0.0450035 0.464414
0 0.468109 0.509872 0.0158823 0.025481 0.405599
0 0.965375 0.350337 0.0225371 0.0440761 0.37915
0 0.70423 0.405279 0.0151981 0.0260967 0.363123
0 0.2081 0.55707 0.016129 0.0239746 0.345639
1 0.971335 0.416912 0.0265141 0.0407015 0.261726
1 0.563503 0.345737 0.0319284 0.0545456 0.744847
0 0.952721 0.507384 0.0174213 0.0293945 0.644044
0 0.711539 0.528048 0.0167432 0.029813 0.638307
0 0.944188 0.602644 0.0154135 0.0251002 0.618104
0 0.962742 0.627381 0.0153173 0.0285671 0.602906
1 0.951305 0.570234 0.0228416 0.0454795 0.58816
1 0.989007 0.375259 0.0214405 0.0744365 0.581979
0 0.97037 0.417142 0.0291584 0.0374124 0.571703
0 0.700978 0.500989 0.0136115 0.0237281 0.472287
1 0.965346 0.350262 0.0236299 0.0450035 0.464414
0 0.468109 0.509872 0.0158823 0.025481 0.405599
0 0.965375 0.350337 0.0225371 0.0440761 0.37915
0 0.70423 0.405279 0.0151981 0.0260967 0.363123
0 0.2081 0.55707 0.016129 0.0239746 0.345639
1 0.971335 0.416912 0.0265141 0.0407015 0.261726
1 0.563503 0.345737 0.0319284 0.0545456 0.744847
0 0.952721 0.507384 0.0174213 0.0293945 0.644044
0 0.711539 0.528048 0.0167432 0.029813 0.638307
0 0.944188 0.602644 0.0154135 0.0251002 0.618104
0 0.962742 0.627381 0.0153173 0.0285671 0.602906
1 0.951305 0.570234 0.0228416 0.0454795 0.58816
1 0.989007 0.375259 0.0214405 0.0744365 0.581979
0 0.97037 0.417142 0.0291584 0.0374124 0.571703
0 0.700978 0.500989 0.0136115 0.0237281 0.472287
1 0.965346 0.350262 0.0236299 0.0450035 0.464414
0 0.468109 0.509872 0.0158823 0.025481 0.405599
0 0.965375 0.350337 0.0225371 0.0440761 0.37915
0 0.70423 0.405279 0.0151981 0.0260967 0.363123
0 0.2081 0.55707 0.016129 0.0239746 0.345639
1 0.971335 0.416912 0.0265141 0.0407015 0.261726
