3 0.492702 0.648058 0.0486642 0.124518 0.871529
1 0.544384 0.534447 0.078249 0.0878179 0.839673
1 0.468641 0.436979 0.0643493 0.0980771 0.838491
1 0.860507 0.872881 0.0584011 0.0690169 0.801772
1 0.535334 0.723423 0.0553555 0.112921 0.759549
1 0.867227 0.625002 0.025753 0.0488537 0.723865
1 0.611846 0.481662 0.0288378 0.0537798 0.721592
1 0.849232 0.636305 0.0194008 0.0475954 0.551719
0 0.807567 0.720126 0.0222796 0.0384875 0.464598
3 0.49252 0.647996 0.0500235 0.12541 0.868724
1 0.468323 0.437226 0.0653079 0.0952526 0.835648
1 0.544405 0.534526 0.0792503 0.0893656 0.833864
1 0.860576 0.873072 0.0589994 0.0701148 0.801092
1 0.535386 0.723681 0.056195 0.113531 0.76159
1 0.867245 0.625018 0.0259235 0.0492011 0.728221
1 0.611908 0.481971 0.0292116 0.054356 0.701296
1 0.849139 0.636246 0.0197572 0.0479066 0.563465
0 0.807541 0.72002 0.022835 0.0391507 0.465221
3 0.49252 0.647996 0.0500235 0.12541 0.868724
1 0.468323 0.437226 0.0653079 0.0952526 0.835648
1 0.544405 0.534526 0.0792503 0.0893656 0.833864
1 0.860576 0.873072 0.0589994 0.0701148 0.801092
1 0.535386 0.723681 0.056195 0.113531 0.76159
1 0.867245 0.625018 0.0259235 0.0492011 0.728221
1 0.611908 0.481971 0.0292116 0.054356 0.701296
1 0.849139 0.636246 0.0197572 0.0479066 0.563465
0 0.807541 0.72002 0.022835 0.0391507 0.465221
3 0.49252 0.647996 0.0500235 0.12541 0.868724
1 0.468323 0.437226 0.0653079 0.0952526 0.835648
1 0.544405 0.534526 0.0792503 0.0893656 0.833864
1 0.860576 0.873072 0.0589994 0.0701148 0.801092
1 0.535386 0.723681 0.056195 0.113531 0.76159
1 0.867245 0.625018 0.0259235 0.0492011 0.728221
1 0.611908 0.481971 0.0292116 0.054356 0.701296
1 0.849139 0.636246 0.0197572 0.0479066 0.563465
0 0.807541 0.72002 0.022835 0.0391507 0.465221
