1 0.452541 0.527894 0.106087 0.110176 0.869593
1 0.352995 0.96312 0.098574 0.0732397 0.833344
1 0.48078 0.854295 0.0713617 0.0990868 0.779431
1 0.530529 0.367993 0.0827375 0.11594 0.763815
1 0.457202 0.979192 0.0683968 0.0410197 0.733555
1 0.360884 0.899191 0.0739526 0.0845768 0.681236
1 0.329202 0.618357 0.0730271 0.0770827 0.636418
1 0.813171 0.282409 0.0303762 0.0470741 0.571665
1 0.483319 0.943986 0.068619 0.0980447 0.549543
0 0.410738 0.678075 0.0314766 0.0747798 0.508358
0 0.113666 0.49947 0.0334989 0.0389822 0.496313
0 0.111435 0.446981 0.0275774 0.0286048 0.333033
1 0.452688 0.528014 0.10651 0.111496 0.868246
1 0.352769 0.963458 0.0975249 0.072553 0.862642
1 0.480586 0.854686 0.0708008 0.0982858 0.784033
1 0.530345 0.368879 0.0830219 0.114551 0.771064
1 0.456466 0.979183 0.0680414 0.041479 0.759955
1 0.360768 0.899041 0.0738556 0.0844701 0.725744
1 0.813243 0.282285 0.0306534 0.0473045 0.636078
1 0.329045 0.618492 0.0727706 0.0773472 0.630241
1 0.483163 0.943699 0.0680095 0.0984431 0.581825
0 0.113522 0.499503 0.0335791 0.0389778 0.523738
0 0.410715 0.678196 0.031941 0.0752254 0.501552
0 0.111867 0.44553 0.0282374 0.0297044 0.325909
1 0.452688 0.528014 0.10651 0.111496 0.868246
1 0.352769 0.963458 0.0975249 0.072553 0.862642
1 0.480586 0.854686 0.0708008 0.0982858 0.784033
1 0.530345 0.368879 0.0830219 0.114551 0.771064
1 0.456466 0.979183 0.0680414 0.041479 0.759955
1 0.360768 0.899041 0.0738556 0.0844701 0.725744
1 0.813243 0.282285 0.0306534 0.0473045 0.636078
1 0.329045 0.618492 0.0727706 0.0773472 0.630241
1 0.483163 0.943699 0.0680095 0.0984431 0.581825
0 0.113522 0.499503 0.0335791 0.0389778 0.523738
0 0.410715 0.678196 0.031941 0.0752254 0.501552
0 0.111867 0.44553 0.0282374 0.0297044 0.325909
1 0.452688 0.528014 0.10651 0.111496 0.868246
1 0.352769 0.963458 0.0975249 0.072553 0.862642
1 0.480586 0.854686 0.0708008 0.0982858 0.784033
1 0.530345 0.368879 0.0830219 0.114551 0.771064
1 0.456466 0.979183 0.0680414 0.041479 0.759955
1 0.360768 0.899041 0.0738556 0.0844701 0.725744
1 0.813243 0.282285 0.0306534 0.0473045 0.636078
1 0.329045 0.618492 0.0727706 0.0773472 0.630241
1 0.483163 0.943699 0.0680095 0.0984431 0.581825
0 0.113522 0.499503 0.0335791 0.0389778 0.523738
0 0.410715 0.678196 0.031941 0.0752254 0.501552
0 0.111867 0.44553 0.0282374 0.0297044 0.325909
