2 0.953436 0.549009 0.0273876 0.0479321 0.798354
2 0.98095 0.278557 0.0314636 0.0621424 0.749133
1 0.946436 0.593413 0.0282848 0.0531363 0.747126
2 0.157521 0.167081 0.0233434 0.0386286 0.693491
3 0.668164 0.601771 0.028523 0.0421906 0.687232
2 0.269349 0.162339 0.0275641 0.0437813 0.676139
2 0.646356 0.77256 0.0263214 0.0462853 0.645163
2 0.131019 0.408665 0.0328062 0.0492172 0.63927
3 0.70232 0.608911 0.0172503 0.0286911 0.598329
2 0.93917 0.373209 0.0251633 0.03549 0.595272
2 0.992979 0.347085 0.0139366 0.0513087 0.564817
0 0.66182 0.330299 0.0327415 0.033774 0.474647
2 0.0788289 0.203957 0.0191207 0.0276066 0.473806
2 0.218619 0.194921 0.0263081 0.0357241 0.466138
3 0.626468 0.651729 0.0241362 0.0423053 0.42262
1 0.910949 0.586879 0.031768 0.0270884 0.416567
2 0.38674 0.470087 0.0195173 0.0306365 0.393982
1 0.774789 0.62037 0.022597 0.0468173 0.381084
3 0.832343 0.391694 0.0200157 0.0349633 0.311367
2 0.84492 0.596766 0.0280775 0.0360255 0.30071
2 0.953479 0.549043 0.0274351 0.0480645 0.797123
2 0.980945 0.278725 0.0312668 0.0619 0.751674
1 0.94649 0.593289 0.0287046 0.0529121 0.746932
3 0.66813 0.601864 0.0287196 0.0426956 0.69111
2 0.157502 0.167107 0.0236445 0.0390052 0.684958
2 0.269273 0.162452 0.0277261 0.0439319 0.678849
2 0.646271 0.772582 0.0268552 0.0467861 0.652155
2 0.131065 0.408534 0.0318676 0.0485748 0.641457
3 0.702326 0.608913 0.0171848 0.0287032 0.602243
2 0.939171 0.373097 0.025222 0.0354604 0.592045
2 0.992972 0.347367 0.013952 0.0505809 0.563191
0 0.661926 0.3301 0.0328443 0.03344 0.471571
3 0.626546 0.65193 0.023956 0.0417682 0.464977
2 0.218773 0.19497 0.026069 0.0355543 0.433196
2 0.0787401 0.203974 0.0187312 0.0274253 0.430613
2 0.386752 0.470049 0.0192981 0.0303579 0.412551
1 0.910981 0.586786 0.0317471 0.0269388 0.389124
2 0.845321 0.596709 0.0269852 0.0353674 0.327796
3 0.832314 0.391524 0.0188557 0.033013 0.298161
1 0.774808 0.62065 0.0218666 0.0452849 0.25936
2 0.953479 0.549043 0.0274351 0.0480645 0.797123
2 0.980945 0.278725 0.0312668 0.0619 0.751674
1 0.94649 0.593289 0.0287046 0.0529121 0.746932
3 0.66813 0.601864 0.0287196 0.0426956 0.69111
2 0.157502 0.167107 0.0236445 0.0390052 0.684958
2 0.269273 0.162452 0.0277261 0.0439319 0.678849
2 0.646271 0.772582 0.0268552 0.0467861 0.652155
2 0.131065 0.408534 0.0318676 0.0485748 0.641457
3 0.702326 0.608913 0.0171848 0.0287032 0.602243
2 0.939171 0.373097 0.025222 0.0354604 0.592045
2 0.992972 0.347367 0.013952 0.0505809 0.563191
0 0.661926 0.3301 0.0328443 0.03344 0.471571
3 0.626546 0.65193 0.023956 0.0417682 0.464977
2 0.218773 0.19497 0.026069 0.0355543 0.433196
2 0.0787401 0.203974 0.0187312 0.0274253 0.430613
2 0.386752 0.470049 0.0192981 0.0303579 0.412551
1 0.910981 0.586786 0.0317471 0.0269388 0.389124
2 0.845321 0.596709 0.0269852 0.0353674 0.327796
3 0.832314 0.391524 0.0188557 0.033013 0.298161
1 0.774808 0.62065 0.0218666 0.0452849 0.25936
2 0.953479 0.549043 0.0274351 0.0480645 0.797123
2 0.980945 0.278725 0.0312668 0.0619 0.751674
1 0.94649 0.593289 0.0287046 0.0529121 0.746932
3 0.66813 0.601864 0.0287196 0.0426956 0.69111
2 0.157502 0.167107 0.0236445 0.0390052 0.684958
2 0.269273 0.162452 0.0277261 0.0439319 0.678849
2 0.646271 0.772582 0.0268552 0.0467861 0.652155
2 0.131065 0.408534 0.0318676 0.0485748 0.641457
3 0.702326 0.608913 0.0171848 0.0287032 0.602243
2 0.939171 0.373097 0.025222 0.0354604 0.592045
2 0.992972 0.347367 0.013952 0.0505809 0.563191
0 0.661926 0.3301 0.0328443 0.03344 0.471571
3 0.626546 0.65193 0.023956 0.0417682 0.464977
2 0.218773 0.19497 0.026069 0.0355543 0.433196
2 0.0787401 0.203974 0.0187312 0.0274253 0.430613
2 0.386752 0.470049 0.0192981 0.0303579 0.412551
1 0.910981 0.586786 0.0317471 0.0269388 0.389124
2 0.845321 0.596709 0.0269852 0.0353674 0.327796
3 0.832314 0.391524 0.0188557 0.033013 0.298161
1 0.774808 0.62065 0.0218666 0.0452849 0.25936
