2 0.520417 0.266135 0.0544459 0.0789871 0.796653
1 0.726152 0.328097 0.0383975 0.0857951 0.794405
2 0.500993 0.48433 0.0414928 0.0799445 0.780548
1 0.656904 0.341964 0.039343 0.062684 0.770693
2 0.52948 0.450689 0.0489132 0.0638001 0.731108
2 0.241372 0.248248 0.0475461 0.0846086 0.728147
1 0.13163 0.635314 0.0447298 0.0722714 0.659054
2 0.346403 0.641621 0.0364557 0.0604279 0.634728
1 0.726096 0.328078 0.0378918 0.085393 0.802976
2 0.520343 0.266073 0.0545612 0.0792219 0.787845
1 0.656954 0.341889 0.0390861 0.0623127 0.780575
2 0.500995 0.484145 0.0414429 0.0799664 0.780474
2 0.24141 0.248146 0.0474495 0.0849809 0.726764
2 0.529517 0.450552 0.0485488 0.0642482 0.714835
1 0.131589 0.63565 0.0446785 0.0727682 0.681672
2 0.346382 0.641864 0.0360075 0.0595691 0.638069
1 0.726096 0.328078 0.0378918 0.085393 0.802976
2 0.520343 0.266073 0.0545612 0.0792219 0.787845
1 0.656954 0.341889 0.0390861 0.0623127 0.780575
2 0.500995 0.484145 0.0414429 0.0799664 0.780474
2 0.24141 0.248146 0.0474495 0.0849809 0.726764
2 0.529517 0.450552 0.0485488 0.0642482 0.714835
1 0.131589 0.63565 0.0446785 0.0727682 0.681672
2 0.346382 0.641864 0.0360075 0.0595691 0.638069
1 0.726096 0.328078 0.0378918 0.085393 0.802976
2 0.520343 0.266073 0.0545612 0.0792219 0.787845
1 0.656954 0.341889 0.0390861 0.0623127 0.780575
2 0.500995 0.484145 0.0414429 0.0799664 0.780474
2 0.24141 0.248146 0.0474495 0.0849809 0.726764
2 0.529517 0.450552 0.0485488 0.0642482 0.714835
1 0.131589 0.63565 0.0446785 0.0727682 0.681672
2 0.346382 0.641864 0.0360075 0.0595691 0.638069
