2 0.878414 0.506154 0.0203716 0.0313293 0.615948
3 0.574501 0.427229 0.0289631 0.0471575 0.605008
3 0.592408 0.400538 0.0278856 0.0392874 0.514983
2 0.878396 0.506087 0.0202436 0.0311934 0.601974
3 0.574354 0.427136 0.0285812 0.0477595 0.594423
3 0.592437 0.400476 0.0281052 0.0398335 0.512331
2 0.878396 0.506087 0.0202436 0.0311934 0.601974
3 0.574354 0.427136 0.0285812 0.0477595 0.594423
3 0.592437 0.400476 0.0281052 0.0398335 0.512331
2 0.878396 0.506087 0.0202436 0.0311934 0.601974
3 0.574354 0.427136 0.0285812 0.0477595 0.594423
3 0.592437 0.400476 0.0281052 0.0398335 0.512331
