1 0.450244 0.408876 0.0716496 0.102547 0.787742
1 0.35753 0.521275 0.0539938 0.083098 0.750105
1 0.458007 0.601295 0.058334 0.100608 0.7355
3 0.343762 0.297666 0.0414849 0.06258 0.699784
3 0.336118 0.183193 0.029216 0.0510337 0.696552
0 0.369098 0.590651 0.0410475 0.0667847 0.490989
1 0.450277 0.408755 0.0724167 0.103242 0.786378
1 0.357629 0.521406 0.0536331 0.0825956 0.742728
1 0.45791 0.601435 0.0587769 0.100241 0.739399
3 0.343725 0.297808 0.0413146 0.0626952 0.700572
3 0.336202 0.183306 0.0289247 0.0510503 0.670043
0 0.369071 0.590772 0.040925 0.0669612 0.507891
1 0.450277 0.408755 0.0724167 0.103242 0.786378
1 0.357629 0.521406 0.0536331 0.0825956 0.742728
1 0.45791 0.601435 0.0587769 0.100241 0.739399
3 0.343725 0.297808 0.0413146 0.0626952 0.700572
3 0.336202 0.183306 0.0289247 0.0510503 0.670043
0 0.369071 0.590772 0.040925 0.0669612 0.507891
1 0.450277 0.408755 0.0724167 0.103242 0.786378
1 0.357629 0.521406 0.0536331 0.0825956 0.742728
1 0.45791 0.601435 0.0587769 0.100241 0.739399
3 0.343725 0.297808 0.0413146 0.0626952 0.700572
3 0.336202 0.183306 0.0289247 0.0510503 0.670043
0 0.369071 0.590772 0.040925 0.0669612 0.507891
