0 0.604151 0.532886 0.0191859 0.0285411 0.589072
0 0.900484 0.708207 0.0141895 0.0208283 0.468058
0 0.884205 0.707817 0.0120825 0.0167504 0.314673
0 0.60417 0.532891 0.0191963 0.0288957 0.55875
0 0.900497 0.708285 0.014282 0.0207874 0.476694
0 0.88424 0.707913 0.0122478 0.016778 0.320727
0 0.60417 0.532891 0.0191963 0.0288957 0.55875
0 0.900497 0.708285 0.014282 0.0207874 0.476694
0 0.88424 0.707913 0.0122478 0.016778 0.320727
0 0.60417 0.532891 0.0191963 0.0288957 0.55875
0 0.900497 0.708285 0.014282 0.0207874 0.476694
0 0.88424 0.707913 0.0122478 0.016778 0.320727
