0 0.287053 0.515269 0.039191 0.0784893 0.87948
0 0.240726 0.508504 0.0436957 0.0725782 0.868298
0 0.758875 0.203404 0.073153 0.0879468 0.857046
0 0.699116 0.243691 0.0604956 0.085755 0.855843
0 0.455009 0.327093 0.0451298 0.0839217 0.847012
0 0.631756 0.434302 0.0771603 0.0808971 0.846766
0 0.536945 0.419767 0.0497265 0.0678983 0.841146
0 0.317032 0.440807 0.0457071 0.0428581 0.835372
0 0.631976 0.612207 0.0556553 0.0879338 0.832
0 0.416565 0.441935 0.0479323 0.0651729 0.820732
0 0.329537 0.508672 0.0381138 0.067436 0.815426
0 0.53369 0.516271 0.039552 0.0721644 0.813177
0 0.663413 0.312104 0.0398141 0.0547679 0.812133
0 0.626176 0.701166 0.0356502 0.048411 0.80239
0 0.570497 0.501818 0.0478384 0.0724994 0.799277
0 0.488975 0.348538 0.0376904 0.0584124 0.798769
0 0.548544 0.355818 0.041749 0.0510549 0.79572
0 0.590735 0.591311 0.0331306 0.0509897 0.783123
0 0.35763 0.442751 0.0404589 0.0404532 0.773361
0 0.38839 0.249298 0.0310616 0.0383266 0.768607
0 0.677644 0.660299 0.0456717 0.0548786 0.766805
0 0.778446 0.84797 0.0327215 0.0557965 0.76642
0 0.471084 0.248345 0.0481424 0.0384188 0.766289
0 0.722428 0.343758 0.0218305 0.0446717 0.759791
0 0.718047 0.694304 0.031351 0.0486723 0.750343
0 0.618865 0.906141 0.033451 0.0496352 0.749196
0 0.632421 0.807664 0.0343596 0.0449921 0.741326
0 0.700704 0.749421 0.0736866 0.0634085 0.73297
0 0.561449 0.605542 0.042477 0.065968 0.719463
0 0.73506 0.4973 0.0242779 0.0449144 0.629651
0 0.447933 0.275721 0.0235735 0.0266346 0.61324
0 0.645709 0.195597 0.0237598 0.0416983 0.49457
0 0.69156 0.474704 0.0244041 0.031793 0.475733
0 0.478249 0.478003 0.0246649 0.0375598 0.469071
0 0.523616 0.323571 0.02183 0.0284548 0.438843
0 0.817848 0.788418 0.0209808 0.0207994 0.30187
0 0.287012 0.515333 0.0392272 0.0780993 0.888117
0 0.240814 0.508474 0.0435439 0.0722558 0.869765
0 0.758919 0.203592 0.0728758 0.0876883 0.86454
0 0.699054 0.244013 0.0599924 0.0846455 0.860542
0 0.455012 0.327048 0.0450762 0.0840413 0.850291
0 0.63175 0.434704 0.0778983 0.0811349 0.845858
0 0.537039 0.419925 0.0497573 0.0679511 0.842105
0 0.631965 0.612231 0.0556377 0.0881742 0.839276
0 0.317052 0.440749 0.04567 0.0426399 0.837127
0 0.533624 0.516327 0.0397637 0.0721745 0.829119
0 0.416559 0.441913 0.0477767 0.0650286 0.82345
0 0.329555 0.508858 0.0379289 0.0671319 0.822717
0 0.663521 0.312487 0.0397155 0.0543476 0.810602
0 0.570489 0.501974 0.0478823 0.0724891 0.808651
0 0.488973 0.348541 0.0375834 0.0581869 0.803693
0 0.626116 0.701263 0.0355067 0.0485543 0.801657
0 0.548563 0.355803 0.0415562 0.05091 0.797716
0 0.59118 0.591385 0.0319004 0.0495636 0.796299
0 0.388384 0.249184 0.0312425 0.0381838 0.778017
0 0.4711 0.248389 0.0478041 0.0379792 0.772744
0 0.357627 0.442762 0.0401854 0.0396935 0.772066
0 0.722456 0.343764 0.0218911 0.0446372 0.771337
0 0.561388 0.605493 0.0426568 0.0659863 0.770205
0 0.778445 0.847904 0.0330112 0.055919 0.759452
0 0.618836 0.906155 0.033437 0.0495336 0.751209
0 0.677607 0.660373 0.0456764 0.0546832 0.751052
0 0.700675 0.749499 0.0737148 0.0639748 0.730497
0 0.632405 0.807644 0.0341198 0.0445951 0.724914
0 0.718003 0.693983 0.0310947 0.0491436 0.710392
0 0.447955 0.275635 0.023637 0.0262831 0.621927
0 0.735044 0.4972 0.0244301 0.0448086 0.614494
0 0.478325 0.478048 0.025094 0.0378258 0.524948
0 0.645573 0.195794 0.0223645 0.0405141 0.497392
0 0.523792 0.323704 0.0221613 0.0288088 0.47917
0 0.69155 0.474696 0.0244621 0.031874 0.455434
0 0.817814 0.788358 0.0211845 0.0208646 0.305234
0 0.287012 0.515333 0.0392272 0.0780993 0.888117
0 0.240814 0.508474 0.0435439 0.0722558 0.869765
0 0.758919 0.203592 0.0728758 0.0876883 0.86454
0 0.699054 0.244013 0.0599924 0.0846455 0.860542
0 0.455012 0.327048 0.0450762 0.0840413 0.850291
0 0.63175 0.434704 0.0778983 0.0811349 0.845858
0 0.537039 0.419925 0.0497573 0.0679511 0.842105
0 0.631965 0.612231 0.0556377 0.0881742 0.839276
0 0.317052 0.440749 0.04567 0.0426399 0.837127
0 0.533624 0.516327 0.0397637 0.0721745 0.829119
0 0.416559 0.441913 0.0477767 0.0650286 0.82345
0 0.329555 0.508858 0.0379289 0.0671319 0.822717
0 0.663521 0.312487 0.0397155 0.0543476 0.810602
0 0.570489 0.501974 0.0478823 0.0724891 0.808651
0 0.488973 0.348541 0.0375834 0.0581869 0.803693
0 0.626116 0.701263 0.0355067 0.0485543 0.801657
0 0.548563 0.355803 0.0415562 0.05091 0.797716
0 0.59118 0.591385 0.0319004 0.0495636 0.796299
0 0.388384 0.249184 0.0312425 0.0381838 0.778017
0 0.4711 0.248389 0.0478041 0.0379792 0.772744
0 0.357627 0.442762 0.0401854 0.0396935 0.772066
0 0.722456 0.343764 0.0218911 0.0446372 0.771337
0 0.561388 0.605493 0.0426568 0.0659863 0.770205
0 0.778445 0.847904 0.0330112 0.055919 0.759452
0 0.618836 0.906155 0.033437 0.0495336 0.751209
0 0.677607 0.660373 0.0456764 0.0546832 0.751052
0 0.700675 0.749499 0.0737148 0.0639748 0.730497
0 0.632405 0.807644 0.0341198 0.0445951 0.724914
0 0.718003 0.693983 0.0310947 0.0491436 0.710392
0 0.447955 0.275635 0.023637 0.0262831 0.621927
0 0.735044 0.4972 0.0244301 0.0448086 0.614494
0 0.478325 0.478048 0.025094 0.0378258 0.524948
0 0.645573 0.195794 0.0223645 0.0405141 0.497392
0 0.523792 0.323704 0.0221613 0.0288088 0.47917
0 0.69155 0.474696 0.0244621 0.031874 0.455434
0 0.817814 0.788358 0.0211845 0.0208646 0.305234
0 0.287012 0.515333 0.0392272 0.0780993 0.888117
0 0.240814 0.508474 0.0435439 0.0722558 0.869765
0 0.758919 0.203592 0.0728758 0.0876883 0.86454
0 0.699054 0.244013 0.0599924 0.0846455 0.860542
0 0.455012 0.327048 0.0450762 0.0840413 0.850291
0 0.63175 0.434704 0.0778983 0.0811349 0.845858
0 0.537039 0.419925 0.0497573 0.0679511 0.842105
0 0.631965 0.612231 0.0556377 0.0881742 0.839276
0 0.317052 0.440749 0.04567 0.0426399 0.837127
0 0.533624 0.516327 0.0397637 0.0721745 0.829119
0 0.416559 0.441913 0.0477767 0.0650286 0.82345
0 0.329555 0.508858 0.0379289 0.0671319 0.822717
0 0.663521 0.312487 0.0397155 0.0543476 0.810602
0 0.570489 0.501974 0.0478823 0.0724891 0.808651
0 0.488973 0.348541 0.0375834 0.0581869 0.803693
0 0.626116 0.701263 0.0355067 0.0485543 0.801657
0 0.548563 0.355803 0.0415562 0.05091 0.797716
0 0.59118 0.591385 0.0319004 0.0495636 0.796299
0 0.388384 0.249184 0.0312425 0.0381838 0.778017
0 0.4711 0.248389 0.0478041 0.0379792 0.772744
0 0.357627 0.442762 0.0401854 0.0396935 0.772066
0 0.722456 0.343764 0.0218911 0.0446372 0.771337
0 0.561388 0.605493 0.0426568 0.0659863 0.770205
0 0.778445 0.847904 0.0330112 0.055919 0.759452
0 0.618836 0.906155 0.033437 0.0495336 0.751209
0 0.677607 0.660373 0.0456764 0.0546832 0.751052
0 0.700675 0.749499 0.0737148 0.0639748 0.730497
0 0.632405 0.807644 0.0341198 0.0445951 0.724914
0 0.718003 0.693983 0.0310947 0.0491436 0.710392
0 0.447955 0.275635 0.023637 0.0262831 0.621927
0 0.735044 0.4972 0.0244301 0.0448086 0.614494
0 0.478325 0.478048 0.025094 0.0378258 0.524948
0 0.645573 0.195794 0.0223645 0.0405141 0.497392
0 0.523792 0.323704 0.0221613 0.0288088 0.47917
0 0.69155 0.474696 0.0244621 0.031874 0.455434
0 0.817814 0.788358 0.0211845 0.0208646 0.305234
