1 0.590078 0.681934 0.0627072 0.117291 0.801927
2 0.196722 0.698666 0.0355544 0.0623857 0.711744
2 0.421053 0.75023 0.0257426 0.0392747 0.547125
1 0.817208 0.817738 0.0244806 0.0434106 0.511856
1 0.411343 0.780697 0.0228838 0.0273871 0.489483
1 0.590161 0.68242 0.0621113 0.115522 0.819361
2 0.19672 0.698637 0.0354593 0.0623184 0.711753
2 0.421045 0.750541 0.0258844 0.0389836 0.581239
1 0.411324 0.780932 0.0232613 0.0275939 0.502696
1 0.817162 0.817705 0.0247925 0.0437832 0.490674
1 0.590161 0.68242 0.0621113 0.115522 0.819361
2 0.19672 0.698637 0.0354593 0.0623184 0.711753
2 0.421045 0.750541 0.0258844 0.0389836 0.581239
1 0.411324 0.780932 0.0232613 0.0275939 0.502696
1 0.817162 0.817705 0.0247925 0.0437832 0.490674
1 0.590161 0.68242 0.0621113 0.115522 0.819361
2 0.19672 0.698637 0.0354593 0.0623184 0.711753
2 0.421045 0.750541 0.0258844 0.0389836 0.581239
1 0.411324 0.780932 0.0232613 0.0275939 0.502696
1 0.817162 0.817705 0.0247925 0.0437832 0.490674
