0 0.44651 0.798809 0.0390528 0.0523713 0.721549
1 0.49483 0.609429 0.0513803 0.0623638 0.701626
1 0.605527 0.617748 0.0340502 0.0588179 0.613786
0 0.183408 0.17182 0.0335261 0.0392874 0.391661
0 0.583539 0.697183 0.0226454 0.0265759 0.368442
0 0.446495 0.798924 0.0390033 0.0524663 0.725649
1 0.494745 0.609262 0.0514753 0.0626704 0.695706
1 0.605509 0.617501 0.0340502 0.0590891 0.60084
0 0.183588 0.171651 0.0328267 0.0383378 0.471586
0 0.583603 0.69712 0.0227109 0.0265883 0.373246
0 0.446495 0.798924 0.0390033 0.0524663 0.725649
1 0.494745 0.609262 0.0514753 0.0626704 0.695706
1 0.605509 0.617501 0.0340502 0.0590891 0.60084
0 0.183588 0.171651 0.0328267 0.0383378 0.471586
0 0.583603 0.69712 0.0227109 0.0265883 0.373246
0 0.446495 0.798924 0.0390033 0.0524663 0.725649
1 0.494745 0.609262 0.0514753 0.0626704 0.695706
1 0.605509 0.617501 0.0340502 0.0590891 0.60084
0 0.183588 0.171651 0.0328267 0.0383378 0.471586
0 0.583603 0.69712 0.0227109 0.0265883 0.373246
