2 0.692386 0.293042 0.0483166 0.0888012 0.73753
0 0.851381 0.436358 0.0242708 0.0449581 0.727495
0 0.65674 0.42679 0.0431446 0.036203 0.669428
0 0.583747 0.522408 0.044445 0.0521895 0.628339
0 0.885668 0.748544 0.0212887 0.0277571 0.60701
0 0.896431 0.76021 0.0189079 0.0344898 0.452827
0 0.84985 0.277321 0.0257217 0.0319567 0.38439
0 0.381612 0.859681 0.0271879 0.0564161 0.309873
2 0.692426 0.293094 0.0483367 0.0887877 0.734319
0 0.851418 0.436335 0.023859 0.0448501 0.721877
0 0.656741 0.426841 0.0427754 0.0355889 0.677038
0 0.583659 0.522451 0.0443008 0.0519773 0.642485
0 0.885717 0.748539 0.0211781 0.0278576 0.584821
0 0.849918 0.2774 0.0253889 0.0313691 0.425251
0 0.896432 0.760333 0.0189053 0.0347368 0.420496
0 0.381582 0.8597 0.0271679 0.0564519 0.417064
2 0.692426 0.293094 0.0483367 0.0887877 0.734319
0 0.851418 0.436335 0.023859 0.0448501 0.721877
0 0.656741 0.426841 0.0427754 0.0355889 0.677038
0 0.583659 0.522451 0.0443008 0.0519773 0.642485
0 0.885717 0.748539 0.0211781 0.0278576 0.584821
0 0.849918 0.2774 0.0253889 0.0313691 0.425251
0 0.896432 0.760333 0.0189053 0.0347368 0.420496
0 0.381582 0.8597 0.0271679 0.0564519 0.417064
2 0.692426 0.293094 0.0483367 0.0887877 0.734319
0 0.851418 0.436335 0.023859 0.0448501 0.721877
0 0.656741 0.426841 0.0427754 0.0355889 0.677038
0 0.583659 0.522451 0.0443008 0.0519773 0.642485
0 0.885717 0.748539 0.0211781 0.0278576 0.584821
0 0.849918 0.2774 0.0253889 0.0313691 0.425251
0 0.896432 0.760333 0.0189053 0.0347368 0.420496
0 0.381582 0.8597 0.0271679 0.0564519 0.417064
