4 0.252238 0.668934 0.504476 0.64536 0.938787
4 0.698379 0.302525 0.197749 0.399038 0.884294
4 0.877917 0.345156 0.244166 0.518536 0.752912
4 0.54925 0.298985 0.179996 0.319816 0.698757
4 0.918737 0.852096 0.162525 0.280586 0.534169
4 0.239919 0.224265 0.478346 0.280967 0.460029
4 0.255361 0.667101 0.510722 0.646282 0.925945
4 0.69871 0.301523 0.198389 0.398643 0.886018
4 0.879008 0.34671 0.241985 0.52434 0.72978
4 0.54964 0.299456 0.179848 0.318417 0.721983
4 0.238861 0.227028 0.476906 0.309268 0.471337
4 0.917306 0.850834 0.165387 0.285683 0.449625
4 0.255361 0.667101 0.510722 0.646282 0.925945
4 0.69871 0.301523 0.198389 0.398643 0.886018
4 0.879008 0.34671 0.241985 0.52434 0.72978
4 0.54964 0.299456 0.179848 0.318417 0.721983
4 0.238861 0.227028 0.476906 0.309268 0.471337
4 0.917306 0.850834 0.165387 0.285683 0.449625
4 0.255361 0.667101 0.510722 0.646282 0.925945
4 0.69871 0.301523 0.198389 0.398643 0.886018
4 0.879008 0.34671 0.241985 0.52434 0.72978
4 0.54964 0.299456 0.179848 0.318417 0.721983
4 0.238861 0.227028 0.476906 0.309268 0.471337
4 0.917306 0.850834 0.165387 0.285683 0.449625
