2 0.760331 0.662379 0.0700979 0.0820736 0.786731
2 0.260696 0.512931 0.0588347 0.123694 0.767437
3 0.733972 0.96845 0.086681 0.0630994 0.743457
2 0.787297 0.981695 0.0510798 0.0358722 0.617403
3 0.16107 0.420996 0.0259501 0.0579772 0.525692
2 0.723945 0.410014 0.027541 0.0403865 0.392659
2 0.760387 0.66244 0.0703328 0.0813745 0.785136
2 0.260735 0.512531 0.0591118 0.123938 0.765996
3 0.733653 0.968043 0.0882422 0.0639135 0.749623
2 0.788025 0.981164 0.0519753 0.0366709 0.632097
3 0.161028 0.421076 0.0257081 0.0581937 0.489183
2 0.723858 0.410087 0.0274778 0.0399135 0.368666
2 0.760387 0.66244 0.0703328 0.0813745 0.785136
2 0.260735 0.512531 0.0591118 0.123938 0.765996
3 0.733653 0.968043 0.0882422 0.0639135 0.749623
2 0.788025 0.981164 0.0519753 0.0366709 0.632097
3 0.161028 0.421076 0.0257081 0.0581937 0.489183
2 0.723858 0.410087 0.0274778 0.0399135 0.368666
2 0.760387 0.66244 0.0703328 0.0813745 0.785136
2 0.260735 0.512531 0.0591118 0.123938 0.765996
3 0.733653 0.968043 0.0882422 0.0639135 0.749623
2 0.788025 0.981164 0.0519753 0.0366709 0.632097
3 0.161028 0.421076 0.0257081 0.0581937 0.489183
2 0.723858 0.410087 0.0274778 0.0399135 0.368666
