4 0.322716 0.696746 0.354948 0.547132 0.739839
1 0.258573 0.982418 0.0255276 0.0346251 0.618867
4 0.0985565 0.707787 0.197113 0.55575 0.484576
4 0.806464 0.712008 0.385806 0.574053 0.353888
4 0.323938 0.66775 0.355219 0.646007 0.724177
1 0.258409 0.982535 0.0255594 0.0343523 0.687141
4 0.0979885 0.709595 0.195977 0.553444 0.431655
4 0.785296 0.712831 0.428589 0.570945 0.275733
4 0.323938 0.66775 0.355219 0.646007 0.724177
1 0.258409 0.982535 0.0255594 0.0343523 0.687141
4 0.0979885 0.709595 0.195977 0.553444 0.431655
4 0.785296 0.712831 0.428589 0.570945 0.275733
4 0.323938 0.66775 0.355219 0.646007 0.724177
1 0.258409 0.982535 0.0255594 0.0343523 0.687141
4 0.0979885 0.709595 0.195977 0.553444 0.431655
4 0.785296 0.712831 0.428589 0.570945 0.275733
