0 0.530049 0.621072 0.0333473 0.0469125 0.801745
1 0.627998 0.521873 0.0433359 0.0637801 0.786647
2 0.535226 0.654636 0.025707 0.0331674 0.704877
0 0.543516 0.692214 0.0365013 0.0536302 0.691414
0 0.530062 0.621089 0.0332425 0.046761 0.800098
1 0.628016 0.521849 0.0428045 0.0634064 0.79373
2 0.535275 0.654662 0.0256628 0.0331937 0.704711
0 0.543583 0.692246 0.0360486 0.0533593 0.702676
0 0.530062 0.621089 0.0332425 0.046761 0.800098
1 0.628016 0.521849 0.0428045 0.0634064 0.79373
2 0.535275 0.654662 0.0256628 0.0331937 0.704711
0 0.543583 0.692246 0.0360486 0.0533593 0.702676
0 0.530062 0.621089 0.0332425 0.046761 0.800098
1 0.628016 0.521849 0.0428045 0.0634064 0.79373
2 0.535275 0.654662 0.0256628 0.0331937 0.704711
0 0.543583 0.692246 0.0360486 0.0533593 0.702676
