2 0.697405 0.750748 0.022634 0.0344464 0.643383
2 0.47792 0.45862 0.0163548 0.0230215 0.31436
2 0.281412 0.104711 0.0185932 0.0297583 0.304234
2 0.69746 0.75074 0.0228323 0.0348609 0.634987
2 0.477885 0.458598 0.0164352 0.0232102 0.303337
2 0.281508 0.104903 0.0198047 0.0311365 0.284239
2 0.69746 0.75074 0.0228323 0.0348609 0.634987
2 0.477885 0.458598 0.0164352 0.0232102 0.303337
2 0.281508 0.104903 0.0198047 0.0311365 0.284239
2 0.69746 0.75074 0.0228323 0.0348609 0.634987
2 0.477885 0.458598 0.0164352 0.0232102 0.303337
2 0.281508 0.104903 0.0198047 0.0311365 0.284239
