1 0.586014 0.302253 0.0315952 0.0653055 0.908477
3 0.335563 0.534277 0.0323825 0.0706503 0.906433
3 0.573716 0.623647 0.0170223 0.0362075 0.898709
1 0.628397 0.42802 0.0377789 0.0601989 0.885132
1 0.550948 0.62768 0.0277002 0.0478464 0.867422
1 0.514468 0.626563 0.0323266 0.0436387 0.864336
1 0.635314 0.329311 0.0279192 0.0500258 0.825381
0 0.563464 0.426553 0.0219557 0.0341873 0.732235
2 0.537304 0.146584 0.0297943 0.0524644 0.69417
0 0.556789 0.654138 0.0186072 0.0246812 0.612363
0 0.55501 0.547053 0.0215902 0.0180615 0.568754
2 0.723419 0.294882 0.0291064 0.0283223 0.539941
3 0.335575 0.534248 0.0324303 0.0707309 0.909284
1 0.585984 0.302194 0.0316341 0.0654743 0.905723
3 0.573723 0.623655 0.017028 0.0362338 0.898247
1 0.628405 0.428075 0.0379116 0.0603523 0.879271
1 0.550945 0.627687 0.0277147 0.0478462 0.866515
1 0.514465 0.626538 0.0323664 0.0436724 0.862146
1 0.635344 0.329227 0.0280329 0.050254 0.821319
0 0.563499 0.426713 0.0218596 0.03397 0.732458
2 0.537318 0.14659 0.0298589 0.0523357 0.683595
0 0.556813 0.654132 0.0186378 0.0246513 0.610311
0 0.555042 0.547032 0.0216433 0.0180582 0.591664
2 0.723441 0.294848 0.029158 0.0283307 0.488571
4 0.476913 0.380021 0.952322 0.756307 0.25475
3 0.335575 0.534248 0.0324303 0.0707309 0.909284
1 0.585984 0.302194 0.0316341 0.0654743 0.905723
3 0.573723 0.623655 0.017028 0.0362338 0.898247
1 0.628405 0.428075 0.0379116 0.0603523 0.879271
1 0.550945 0.627687 0.0277147 0.0478462 0.866515
1 0.514465 0.626538 0.0323664 0.0436724 0.862146
1 0.635344 0.329227 0.0280329 0.050254 0.821319
0 0.563499 0.426713 0.0218596 0.03397 0.732458
2 0.537318 0.14659 0.0298589 0.0523357 0.683595
0 0.556813 0.654132 0.0186378 0.0246513 0.610311
0 0.555042 0.547032 0.0216433 0.0180582 0.591664
2 0.723441 0.294848 0.029158 0.0283307 0.488571
4 0.476913 0.380021 0.952322 0.756307 0.25475
3 0.335575 0.534248 0.0324303 0.0707309 0.909284
1 0.585984 0.302194 0.0316341 0.0654743 0.905723
3 0.573723 0.623655 0.017028 0.0362338 0.898247
1 0.628405 0.428075 0.0379116 0.0603523 0.879271
1 0.550945 0.627687 0.0277147 0.0478462 0.866515
1 0.514465 0.626538 0.0323664 0.0436724 0.862146
1 0.635344 0.329227 0.0280329 0.050254 0.821319
0 0.563499 0.426713 0.0218596 0.03397 0.732458
2 0.537318 0.14659 0.0298589 0.0523357 0.683595
0 0.556813 0.654132 0.0186378 0.0246513 0.610311
0 0.555042 0.547032 0.0216433 0.0180582 0.591664
2 0.723441 0.294848 0.029158 0.0283307 0.488571
4 0.476913 0.380021 0.952322 0.756307 0.25475
