0 0.238774 0.430327 0.034311 0.0539183 0.904134
1 0.332129 0.597108 0.0369321 0.0803352 0.889526
2 0.0425808 0.697475 0.0335266 0.0663185 0.850764
2 0.0130298 0.707657 0.0243944 0.0452714 0.785244
2 0.0231955 0.795472 0.0230112 0.0466065 0.774815
0 0.221092 0.349666 0.0488614 0.0292983 0.770928
0 0.491516 0.410992 0.0323475 0.034997 0.766223
2 0.0442278 0.753114 0.0134758 0.0284567 0.710135
4 0.850156 0.358157 0.298533 0.714451 0.62967
2 0.980197 0.586981 0.0186047 0.0427089 0.596829
2 0.00546516 0.68184 0.0109303 0.0503103 0.53214
4 0.458896 0.41948 0.917792 0.83896 0.3391
0 0.238715 0.430425 0.0343174 0.0540922 0.903453
1 0.332101 0.597035 0.0368791 0.0804115 0.893603
2 0.0425421 0.697437 0.033502 0.0661865 0.849404
2 0.0130457 0.707613 0.0243603 0.0452325 0.785666
2 0.023197 0.795448 0.0228815 0.0463999 0.781095
0 0.221034 0.349579 0.0487501 0.029439 0.776108
0 0.491505 0.410966 0.0322487 0.0349087 0.775465
2 0.0442414 0.753056 0.0134517 0.0284745 0.725675
4 0.850765 0.363793 0.297325 0.705475 0.654072
2 0.980224 0.586971 0.018676 0.0425962 0.542704
2 0.00546854 0.681886 0.0109371 0.050188 0.534763
4 0.464975 0.418402 0.929951 0.835876 0.278284
0 0.45955 0.402617 0.0212713 0.0326923 0.260774
0 0.238715 0.430425 0.0343174 0.0540922 0.903453
1 0.332101 0.597035 0.0368791 0.0804115 0.893603
2 0.0425421 0.697437 0.033502 0.0661865 0.849404
2 0.0130457 0.707613 0.0243603 0.0452325 0.785666
2 0.023197 0.795448 0.0228815 0.0463999 0.781095
0 0.221034 0.349579 0.0487501 0.029439 0.776108
0 0.491505 0.410966 0.0322487 0.0349087 0.775465
2 0.0442414 0.753056 0.0134517 0.0284745 0.725675
4 0.850765 0.363793 0.297325 0.705475 0.654072
2 0.980224 0.586971 0.018676 0.0425962 0.542704
2 0.00546854 0.681886 0.0109371 0.050188 0.534763
4 0.464975 0.418402 0.929951 0.835876 0.278284
0 0.45955 0.402617 0.0212713 0.0326923 0.260774
0 0.238715 0.430425 0.0343174 0.0540922 0.903453
1 0.332101 0.597035 0.0368791 0.0804115 0.893603
2 0.0425421 0.697437 0.033502 0.0661865 0.849404
2 0.0130457 0.707613 0.0243603 0.0452325 0.785666
2 0.023197 0.795448 0.0228815 0.0463999 0.781095
0 0.221034 0.349579 0.0487501 0.029439 0.776108
0 0.491505 0.410966 0.0322487 0.0349087 0.775465
2 0.0442414 0.753056 0.0134517 0.0284745 0.725675
4 0.850765 0.363793 0.297325 0.705475 0.654072
2 0.980224 0.586971 0.018676 0.0425962 0.542704
2 0.00546854 0.681886 0.0109371 0.050188 0.534763
4 0.464975 0.418402 0.929951 0.835876 0.278284
0 0.45955 0.402617 0.0212713 0.0326923 0.260774
