4 0.405872 0.793382 0.319379 0.411697 0.769594
4 0.823342 0.76195 0.353316 0.395353 0.41444
4 0.320348 0.666973 0.161316 0.17215 0.36852
4 0.405209 0.792031 0.320246 0.40806 0.797285
4 0.320183 0.667189 0.161245 0.17213 0.388251
4 0.888072 0.761046 0.223855 0.407673 0.316791
4 0.405209 0.792031 0.320246 0.40806 0.797285
4 0.320183 0.667189 0.161245 0.17213 0.388251
4 0.888072 0.761046 0.223855 0.407673 0.316791
4 0.405209 0.792031 0.320246 0.40806 0.797285
4 0.320183 0.667189 0.161245 0.17213 0.388251
4 0.888072 0.761046 0.223855 0.407673 0.316791
