3 0.406193 0.784963 0.023752 0.0554661 0.888293
3 0.989499 0.727259 0.0210023 0.0588906 0.728499
4 0.113871 0.448023 0.22771 0.651874 0.531621
3 0.40617 0.784958 0.0235742 0.0551816 0.896135
3 0.989458 0.727229 0.0210838 0.0588132 0.721978
4 0.115817 0.485105 0.231633 0.577432 0.595605
3 0.40617 0.784958 0.0235742 0.0551816 0.896135
3 0.989458 0.727229 0.0210838 0.0588132 0.721978
4 0.115817 0.485105 0.231633 0.577432 0.595605
3 0.40617 0.784958 0.0235742 0.0551816 0.896135
3 0.989458 0.727229 0.0210838 0.0588132 0.721978
4 0.115817 0.485105 0.231633 0.577432 0.595605
