1 0.767197 0.646798 0.0836284 0.142193 0.82558
0 0.766025 0.494575 0.0392853 0.0771822 0.8149
0 0.813072 0.51214 0.0383257 0.0793349 0.777602
1 0.367378 0.781573 0.0274699 0.0366338 0.663908
1 0.609369 0.64634 0.041131 0.0822297 0.650212
0 0.613888 0.788121 0.0319839 0.036037 0.641213
0 0.435567 0.879969 0.0228819 0.0297061 0.552941
0 0.857532 0.465925 0.049306 0.0969791 0.503417
0 0.53491 0.933624 0.0298231 0.031246 0.498196
0 0.375689 0.699229 0.0413842 0.0336011 0.401461
1 0.767285 0.646593 0.0845762 0.141963 0.827546
0 0.766003 0.494712 0.039613 0.077243 0.817134
0 0.813103 0.51195 0.0387611 0.0800026 0.778996
1 0.36779 0.781646 0.0272115 0.036092 0.670626
1 0.609569 0.645567 0.0412102 0.0814786 0.638098
0 0.613855 0.788144 0.0321306 0.0360903 0.616242
0 0.435618 0.880022 0.0227919 0.0292307 0.597243
0 0.857689 0.465923 0.0498638 0.0971067 0.521095
0 0.534897 0.933754 0.0297449 0.0313533 0.500773
0 0.375773 0.699139 0.0409891 0.0332613 0.427301
0 0.366875 0.724298 0.0214165 0.0272714 0.283691
1 0.767285 0.646593 0.0845762 0.141963 0.827546
0 0.766003 0.494712 0.039613 0.077243 0.817134
0 0.813103 0.51195 0.0387611 0.0800026 0.778996
1 0.36779 0.781646 0.0272115 0.036092 0.670626
1 0.609569 0.645567 0.0412102 0.0814786 0.638098
0 0.613855 0.788144 0.0321306 0.0360903 0.616242
0 0.435618 0.880022 0.0227919 0.0292307 0.597243
0 0.857689 0.465923 0.0498638 0.0971067 0.521095
0 0.534897 0.933754 0.0297449 0.0313533 0.500773
0 0.375773 0.699139 0.0409891 0.0332613 0.427301
0 0.366875 0.724298 0.0214165 0.0272714 0.283691
1 0.767285 0.646593 0.0845762 0.141963 0.827546
0 0.766003 0.494712 0.039613 0.077243 0.817134
0 0.813103 0.51195 0.0387611 0.0800026 0.778996
1 0.36779 0.781646 0.0272115 0.036092 0.670626
1 0.609569 0.645567 0.0412102 0.0814786 0.638098
0 0.613855 0.788144 0.0321306 0.0360903 0.616242
0 0.435618 0.880022 0.0227919 0.0292307 0.597243
0 0.857689 0.465923 0.0498638 0.0971067 0.521095
0 0.534897 0.933754 0.0297449 0.0313533 0.500773
0 0.375773 0.699139 0.0409891 0.0332613 0.427301
0 0.366875 0.724298 0.0214165 0.0272714 0.283691
