1 0.742543 0.578778 0.0263544 0.0481063 0.832272
2 0.828565 0.308479 0.0309216 0.0431395 0.814853
1 0.846123 0.608052 0.0273102 0.040885 0.809371
1 0.270035 0.432872 0.0279789 0.0617781 0.786575
3 0.77628 0.538996 0.014217 0.0264463 0.785114
1 0.218717 0.64648 0.0324918 0.0442446 0.767759
3 0.677425 0.489322 0.0200796 0.0337507 0.758881
1 0.708134 0.437156 0.02255 0.0386206 0.740255
1 0.221736 0.502803 0.0259183 0.0486983 0.738905
1 0.741716 0.440201 0.0268992 0.0329475 0.728796
2 0.292314 0.617059 0.0180032 0.0356173 0.70068
1 0.228109 0.194523 0.0256293 0.0467799 0.65664
1 0.825609 0.396041 0.0245563 0.0389224 0.653253
1 0.0135511 0.415189 0.0268956 0.0310186 0.59536
2 0.806733 0.691377 0.0167328 0.0344936 0.594313
1 0.811377 0.738527 0.020062 0.0349098 0.584928
1 0.668934 0.304046 0.021072 0.035208 0.576604
2 0.311029 0.568755 0.0161118 0.0305878 0.568073
1 0.71655 0.385973 0.0186165 0.0266626 0.561382
1 0.840437 0.665193 0.0154581 0.0305209 0.520916
2 0.856151 0.474509 0.0213799 0.0398887 0.509058
1 0.312256 0.617669 0.0177424 0.0358917 0.466257
1 0.280989 0.650604 0.0163034 0.0292814 0.461444
1 0.632407 0.548542 0.0130409 0.0241814 0.449229
1 0.29178 0.359847 0.0178464 0.0339618 0.401926
1 0.294089 0.570003 0.0145468 0.0218276 0.36164
1 0.571347 0.446935 0.0125983 0.0218549 0.349556
1 0.69854 0.411988 0.0196371 0.0244466 0.309749
1 0.742532 0.578821 0.02639 0.0481035 0.831804
2 0.828578 0.308511 0.0311951 0.043284 0.816641
1 0.84613 0.608047 0.0271973 0.0406259 0.81018
1 0.270047 0.432814 0.0276259 0.0615488 0.790741
3 0.776293 0.539013 0.0142006 0.0262984 0.784985
1 0.218714 0.646422 0.0322615 0.0440655 0.77892
3 0.677411 0.489294 0.0202757 0.0337706 0.760795
1 0.221791 0.502694 0.0254505 0.0483126 0.756102
1 0.708127 0.437179 0.0226599 0.0386235 0.74299
1 0.741746 0.440227 0.0270424 0.0329692 0.729512
2 0.29237 0.617046 0.0177296 0.0351516 0.699359
1 0.228137 0.194562 0.0255276 0.0464898 0.644788
1 0.825633 0.396102 0.0245184 0.0387749 0.603592
1 0.81139 0.738517 0.0199787 0.0345828 0.580057
2 0.806675 0.691367 0.0166134 0.0343309 0.569796
2 0.311033 0.568792 0.0160173 0.0303368 0.564951
2 0.856131 0.474488 0.0214481 0.0397616 0.555609
1 0.0135718 0.4154 0.0269369 0.0316078 0.549455
1 0.716533 0.386008 0.0189031 0.0268788 0.545901
1 0.668942 0.303986 0.0212566 0.0352212 0.536828
1 0.840435 0.665199 0.0153774 0.0302946 0.529653
1 0.312266 0.617603 0.0175475 0.0355225 0.469311
1 0.28104 0.650512 0.0162808 0.0293504 0.46486
1 0.63242 0.54851 0.0130503 0.0240406 0.431392
1 0.291796 0.359836 0.0178376 0.0337839 0.406864
0 0.571342 0.446928 0.0125104 0.0217207 0.366165
1 0.29411 0.57006 0.0144608 0.0217154 0.363893
1 0.266731 0.630198 0.0235029 0.0330649 0.31378
1 0.299827 0.655132 0.0201215 0.0457132 0.301767
1 0.699361 0.411076 0.0190704 0.0255763 0.300503
1 0.344063 0.458869 0.0128368 0.0224022 0.295784
2 0.316537 0.260173 0.0177772 0.0298443 0.284888
1 0.31374 0.544603 0.0152382 0.0266031 0.281326
0 0.614789 0.527429 0.0132729 0.0215633 0.276526
0 0.363518 0.417606 0.0141244 0.0198576 0.275905
0 0.189549 0.192672 0.0189263 0.038319 0.271995
0 0.633587 0.547601 0.0120926 0.0215137 0.269819
0 0.763482 0.53682 0.013987 0.0301206 0.266762
0 0.661043 0.246395 0.0220441 0.0241702 0.266755
1 0.763316 0.536389 0.0148014 0.0300586 0.253331
1 0.742532 0.578821 0.02639 0.0481035 0.831804
2 0.828578 0.308511 0.0311951 0.043284 0.816641
1 0.84613 0.608047 0.0271973 0.0406259 0.81018
1 0.270047 0.432814 0.0276259 0.0615488 0.790741
3 0.776293 0.539013 0.0142006 0.0262984 0.784985
1 0.218714 0.646422 0.0322615 0.0440655 0.77892
3 0.677411 0.489294 0.0202757 0.0337706 0.760795
1 0.221791 0.502694 0.0254505 0.0483126 0.756102
1 0.708127 0.437179 0.0226599 0.0386235 0.74299
1 0.741746 0.440227 0.0270424 0.0329692 0.729512
2 0.29237 0.617046 0.0177296 0.0351516 0.699359
1 0.228137 0.194562 0.0255276 0.0464898 0.644788
1 0.825633 0.396102 0.0245184 0.0387749 0.603592
1 0.81139 0.738517 0.0199787 0.0345828 0.580057
2 0.806675 0.691367 0.0166134 0.0343309 0.569796
2 0.311033 0.568792 0.0160173 0.0303368 0.564951
2 0.856131 0.474488 0.0214481 0.0397616 0.555609
1 0.0135718 0.4154 0.0269369 0.0316078 0.549455
1 0.716533 0.386008 0.0189031 0.0268788 0.545901
1 0.668942 0.303986 0.0212566 0.0352212 0.536828
1 0.840435 0.665199 0.0153774 0.0302946 0.529653
1 0.312266 0.617603 0.0175475 0.0355225 0.469311
1 0.28104 0.650512 0.0162808 0.0293504 0.46486
1 0.63242 0.54851 0.0130503 0.0240406 0.431392
1 0.291796 0.359836 0.0178376 0.0337839 0.406864
0 0.571342 0.446928 0.0125104 0.0217207 0.366165
1 0.29411 0.57006 0.0144608 0.0217154 0.363893
1 0.266731 0.630198 0.0235029 0.0330649 0.31378
1 0.299827 0.655132 0.0201215 0.0457132 0.301767
1 0.699361 0.411076 0.0190704 0.0255763 0.300503
1 0.344063 0.458869 0.0128368 0.0224022 0.295784
2 0.316537 0.260173 0.0177772 0.0298443 0.284888
1 0.31374 0.544603 0.0152382 0.0266031 0.281326
0 0.614789 0.527429 0.0132729 0.0215633 0.276526
0 0.363518 0.417606 0.0141244 0.0198576 0.275905
0 0.189549 0.192672 0.0189263 0.038319 0.271995
0 0.633587 0.547601 0.0120926 0.0215137 0.269819
0 0.763482 0.53682 0.013987 0.0301206 0.266762
0 0.661043 0.246395 0.0220441 0.0241702 0.266755
1 0.763316 0.536389 0.0148014 0.0300586 0.253331
1 0.742532 0.578821 0.02639 0.0481035 0.831804
2 0.828578 0.308511 0.0311951 0.043284 0.816641
1 0.84613 0.608047 0.0271973 0.0406259 0.81018
1 0.270047 0.432814 0.0276259 0.0615488 0.790741
3 0.776293 0.539013 0.0142006 0.0262984 0.784985
1 0.218714 0.646422 0.0322615 0.0440655 0.77892
3 0.677411 0.489294 0.0202757 0.0337706 0.760795
1 0.221791 0.502694 0.0254505 0.0483126 0.756102
1 0.708127 0.437179 0.0226599 0.0386235 0.74299
1 0.741746 0.440227 0.0270424 0.0329692 0.729512
2 0.29237 0.617046 0.0177296 0.0351516 0.699359
1 0.228137 0.194562 0.0255276 0.0464898 0.644788
1 0.825633 0.396102 0.0245184 0.0387749 0.603592
1 0.81139 0.738517 0.0199787 0.0345828 0.580057
2 0.806675 0.691367 0.0166134 0.0343309 0.569796
2 0.311033 0.568792 0.0160173 0.0303368 0.564951
2 0.856131 0.474488 0.0214481 0.0397616 0.555609
1 0.0135718 0.4154 0.0269369 0.0316078 0.549455
1 0.716533 0.386008 0.0189031 0.0268788 0.545901
1 0.668942 0.303986 0.0212566 0.0352212 0.536828
1 0.840435 0.665199 0.0153774 0.0302946 0.529653
1 0.312266 0.617603 0.0175475 0.0355225 0.469311
1 0.28104 0.650512 0.0162808 0.0293504 0.46486
1 0.63242 0.54851 0.0130503 0.0240406 0.431392
1 0.291796 0.359836 0.0178376 0.0337839 0.406864
0 0.571342 0.446928 0.0125104 0.0217207 0.366165
1 0.29411 0.57006 0.0144608 0.0217154 0.363893
1 0.266731 0.630198 0.0235029 0.0330649 0.31378
1 0.299827 0.655132 0.0201215 0.0457132 0.301767
1 0.699361 0.411076 0.0190704 0.0255763 0.300503
1 0.344063 0.458869 0.0128368 0.0224022 0.295784
2 0.316537 0.260173 0.0177772 0.0298443 0.284888
1 0.31374 0.544603 0.0152382 0.0266031 0.281326
0 0.614789 0.527429 0.0132729 0.0215633 0.276526
0 0.363518 0.417606 0.0141244 0.0198576 0.275905
0 0.189549 0.192672 0.0189263 0.038319 0.271995
0 0.633587 0.547601 0.0120926 0.0215137 0.269819
0 0.763482 0.53682 0.013987 0.0301206 0.266762
0 0.661043 0.246395 0.0220441 0.0241702 0.266755
1 0.763316 0.536389 0.0148014 0.0300586 0.253331
