1 0.576425 0.587167 0.0473965 0.0841628 0.783479
1 0.382701 0.885284 0.0424654 0.0797739 0.768036
1 0.443343 0.972933 0.0506399 0.0538979 0.757342
0 0.568203 0.823254 0.0384055 0.0596188 0.728834
0 0.493162 0.662991 0.0372955 0.0532689 0.679793
0 0.711932 0.728311 0.0221313 0.0291513 0.538571
0 0.8241 0.710451 0.0254482 0.0279611 0.524616
2 0.218446 0.654815 0.0134298 0.0242267 0.388797
2 0.10447 0.726858 0.0144079 0.0210212 0.351736
1 0.443717 0.972943 0.0507952 0.0541138 0.789252
1 0.576447 0.587055 0.0474449 0.0836778 0.787296
1 0.38269 0.885079 0.0419666 0.0792912 0.768662
0 0.56812 0.823323 0.0382139 0.0594144 0.738959
0 0.493142 0.66312 0.0372085 0.0528212 0.685621
0 0.824041 0.710749 0.0256879 0.0278604 0.526332
0 0.711918 0.72826 0.0222281 0.029641 0.518498
2 0.218439 0.654817 0.0135014 0.024411 0.415639
2 0.104473 0.726848 0.0147058 0.0216205 0.393945
1 0.443717 0.972943 0.0507952 0.0541138 0.789252
1 0.576447 0.587055 0.0474449 0.0836778 0.787296
1 0.38269 0.885079 0.0419666 0.0792912 0.768662
0 0.56812 0.823323 0.0382139 0.0594144 0.738959
0 0.493142 0.66312 0.0372085 0.0528212 0.685621
0 0.824041 0.710749 0.0256879 0.0278604 0.526332
0 0.711918 0.72826 0.0222281 0.029641 0.518498
2 0.218439 0.654817 0.0135014 0.024411 0.415639
2 0.104473 0.726848 0.0147058 0.0216205 0.393945
1 0.443717 0.972943 0.0507952 0.0541138 0.789252
1 0.576447 0.587055 0.0474449 0.0836778 0.787296
1 0.38269 0.885079 0.0419666 0.0792912 0.768662
0 0.56812 0.823323 0.0382139 0.0594144 0.738959
0 0.493142 0.66312 0.0372085 0.0528212 0.685621
0 0.824041 0.710749 0.0256879 0.0278604 0.526332
0 0.711918 0.72826 0.0222281 0.029641 0.518498
2 0.218439 0.654817 0.0135014 0.024411 0.415639
2 0.104473 0.726848 0.0147058 0.0216205 0.393945
