4 0.301583 0.730251 0.602468 0.53849 0.890092
4 0.847489 0.0831033 0.30433 0.165412 0.776303
4 0.791034 0.416775 0.413205 0.538848 0.72503
4 0.111576 0.0652505 0.221948 0.130501 0.689201
4 0.331191 0.317435 0.536852 0.40733 0.540173
4 0.474028 0.114179 0.532877 0.228357 0.528801
4 0.302142 0.724813 0.604285 0.548998 0.877736
4 0.798468 0.422236 0.400199 0.551769 0.772202
4 0.847201 0.0828442 0.305598 0.165351 0.771485
4 0.110185 0.0647743 0.217866 0.129549 0.670712
4 0.333272 0.321626 0.536461 0.402968 0.629587
4 0.478663 0.110894 0.532801 0.221789 0.543519
4 0.302142 0.724813 0.604285 0.548998 0.877736
4 0.798468 0.422236 0.400199 0.551769 0.772202
4 0.847201 0.0828442 0.305598 0.165351 0.771485
4 0.110185 0.0647743 0.217866 0.129549 0.670712
4 0.333272 0.321626 0.536461 0.402968 0.629587
4 0.478663 0.110894 0.532801 0.221789 0.543519
4 0.302142 0.724813 0.604285 0.548998 0.877736
4 0.798468 0.422236 0.400199 0.551769 0.772202
4 0.847201 0.0828442 0.305598 0.165351 0.771485
4 0.110185 0.0647743 0.217866 0.129549 0.670712
4 0.333272 0.321626 0.536461 0.402968 0.629587
4 0.478663 0.110894 0.532801 0.221789 0.543519
