0 0.740077 0.429273 0.0430611 0.0309912 0.731781
0 0.739546 0.409715 0.0389786 0.0283289 0.727866
0 0.715149 0.433367 0.0230399 0.0356296 0.695427
0 0.272388 0.811993 0.0760729 0.129825 0.601082
0 0.739366 0.409674 0.0397872 0.0288501 0.727479
0 0.739943 0.429054 0.0435673 0.0313458 0.725267
0 0.715036 0.433307 0.0232727 0.0359322 0.684054
0 0.271084 0.812475 0.0792687 0.130915 0.591973
0 0.739366 0.409674 0.0397872 0.0288501 0.727479
0 0.739943 0.429054 0.0435673 0.0313458 0.725267
0 0.715036 0.433307 0.0232727 0.0359322 0.684054
0 0.271084 0.812475 0.0792687 0.130915 0.591973
0 0.739366 0.409674 0.0397872 0.0288501 0.727479
0 0.739943 0.429054 0.0435673 0.0313458 0.725267
0 0.715036 0.433307 0.0232727 0.0359322 0.684054
0 0.271084 0.812475 0.0792687 0.130915 0.591973
