1 0.716324 0.410691 0.0680199 0.120598 0.865545
1 0.758844 0.541492 0.0690853 0.122257 0.851474
1 0.720485 0.73356 0.0671413 0.136416 0.84389
2 0.618781 0.729649 0.0671383 0.145131 0.837266
2 0.701651 0.521741 0.0681025 0.113898 0.83606
1 0.7227 0.600874 0.0576045 0.0698845 0.810566
1 0.948307 0.297611 0.0286167 0.0559879 0.758139
1 0.636741 0.523686 0.0450159 0.0880624 0.667058
1 0.908072 0.561598 0.0292019 0.0370758 0.57285
0 0.321367 0.521146 0.0169947 0.0348966 0.565454
1 0.940448 0.265322 0.0314312 0.0286699 0.530667
1 0.985642 0.290872 0.023991 0.044173 0.491858
0 0.845042 0.201486 0.0195665 0.038698 0.472735
1 0.334606 0.532109 0.0175945 0.0394641 0.461267
2 0.558216 0.419238 0.0146618 0.0234395 0.452671
0 0.960851 0.571503 0.0283981 0.051153 0.440722
1 0.492984 0.431743 0.0142797 0.0206397 0.426439
0 0.75285 0.165434 0.0274191 0.0418229 0.404756
0 0.975326 0.174498 0.0274723 0.046673 0.403643
1 0.369652 0.453131 0.0169972 0.0295897 0.391263
1 0.960904 0.572233 0.0279232 0.0523371 0.35007
1 0.354982 0.0832864 0.0183748 0.035784 0.341323
0 0.355058 0.0833238 0.0179667 0.0361443 0.326178
1 0.0550716 0.357258 0.0148434 0.0228446 0.3096
1 0.71629 0.410644 0.0677448 0.120971 0.868044
1 0.758803 0.541513 0.0689163 0.122279 0.849513
1 0.720493 0.733645 0.0671751 0.136226 0.847455
2 0.701702 0.521666 0.0679131 0.113506 0.839808
2 0.618894 0.729758 0.0670867 0.14477 0.839663
1 0.722593 0.600695 0.0575224 0.0704534 0.82444
1 0.948347 0.297542 0.0285276 0.055694 0.753028
1 0.636797 0.523338 0.0447694 0.0875001 0.659571
1 0.908121 0.561603 0.0288807 0.0367734 0.586885
0 0.321376 0.52111 0.0169584 0.0347752 0.565575
1 0.940492 0.265308 0.0316765 0.0286422 0.53583
1 0.98561 0.290904 0.0238987 0.0439114 0.502756
0 0.960829 0.571479 0.0283855 0.0510242 0.469046
1 0.334602 0.532095 0.0175648 0.0394088 0.457033
1 0.35497 0.0833414 0.0175957 0.0349258 0.448467
2 0.558244 0.419222 0.014802 0.0235101 0.442208
0 0.845019 0.201708 0.0192431 0.0382991 0.438476
1 0.492979 0.431674 0.0141512 0.020524 0.420113
1 0.975631 0.174726 0.0268946 0.0463751 0.401589
0 0.975402 0.174478 0.0269792 0.0462057 0.395789
0 0.75284 0.165434 0.0273724 0.0415206 0.386361
1 0.36968 0.45315 0.0170271 0.0296003 0.383367
1 0.0550664 0.357247 0.0150393 0.0231592 0.334491
1 0.71629 0.410644 0.0677448 0.120971 0.868044
1 0.758803 0.541513 0.0689163 0.122279 0.849513
1 0.720493 0.733645 0.0671751 0.136226 0.847455
2 0.701702 0.521666 0.0679131 0.113506 0.839808
2 0.618894 0.729758 0.0670867 0.14477 0.839663
1 0.722593 0.600695 0.0575224 0.0704534 0.82444
1 0.948347 0.297542 0.0285276 0.055694 0.753028
1 0.636797 0.523338 0.0447694 0.0875001 0.659571
1 0.908121 0.561603 0.0288807 0.0367734 0.586885
0 0.321376 0.52111 0.0169584 0.0347752 0.565575
1 0.940492 0.265308 0.0316765 0.0286422 0.53583
1 0.98561 0.290904 0.0238987 0.0439114 0.502756
0 0.960829 0.571479 0.0283855 0.0510242 0.469046
1 0.334602 0.532095 0.0175648 0.0394088 0.457033
1 0.35497 0.0833414 0.0175957 0.0349258 0.448467
2 0.558244 0.419222 0.014802 0.0235101 0.442208
0 0.845019 0.201708 0.0192431 0.0382991 0.438476
1 0.492979 0.431674 0.0141512 0.020524 0.420113
1 0.975631 0.174726 0.0268946 0.0463751 0.401589
0 0.975402 0.174478 0.0269792 0.0462057 0.395789
0 0.75284 0.165434 0.0273724 0.0415206 0.386361
1 0.36968 0.45315 0.0170271 0.0296003 0.383367
1 0.0550664 0.357247 0.0150393 0.0231592 0.334491
1 0.71629 0.410644 0.0677448 0.120971 0.868044
1 0.758803 0.541513 0.0689163 0.122279 0.849513
1 0.720493 0.733645 0.0671751 0.136226 0.847455
2 0.701702 0.521666 0.0679131 0.113506 0.839808
2 0.618894 0.729758 0.0670867 0.14477 0.839663
1 0.722593 0.600695 0.0575224 0.0704534 0.82444
1 0.948347 0.297542 0.0285276 0.055694 0.753028
1 0.636797 0.523338 0.0447694 0.0875001 0.659571
1 0.908121 0.561603 0.0288807 0.0367734 0.586885
0 0.321376 0.52111 0.0169584 0.0347752 0.565575
1 0.940492 0.265308 0.0316765 0.0286422 0.53583
1 0.98561 0.290904 0.0238987 0.0439114 0.502756
0 0.960829 0.571479 0.0283855 0.0510242 0.469046
1 0.334602 0.532095 0.0175648 0.0394088 0.457033
1 0.35497 0.0833414 0.0175957 0.0349258 0.448467
2 0.558244 0.419222 0.014802 0.0235101 0.442208
0 0.845019 0.201708 0.0192431 0.0382991 0.438476
1 0.492979 0.431674 0.0141512 0.020524 0.420113
1 0.975631 0.174726 0.0268946 0.0463751 0.401589
0 0.975402 0.174478 0.0269792 0.0462057 0.395789
0 0.75284 0.165434 0.0273724 0.0415206 0.386361
1 0.36968 0.45315 0.0170271 0.0296003 0.383367
1 0.0550664 0.357247 0.0150393 0.0231592 0.334491
