1 0.797322 0.49925 0.0307842 0.0358286 0.786485
1 0.71139 0.5335 0.0189642 0.0497518 0.78117
1 0.696053 0.53045 0.0236803 0.0528533 0.780582
1 0.318979 0.60373 0.0218822 0.0370626 0.767584
1 0.787771 0.547305 0.0355273 0.0339401 0.766221
1 0.222379 0.660975 0.022619 0.0511369 0.758043
1 0.75727 0.573061 0.0251377 0.0422279 0.740538
1 0.303514 0.783596 0.0210352 0.0493338 0.731693
1 0.332451 0.816166 0.0197257 0.0285947 0.728468
1 0.254686 0.639328 0.0212293 0.0466196 0.722832
1 0.354336 0.791345 0.0191373 0.0383575 0.690004
1 0.590908 0.472063 0.0246328 0.0384878 0.640794
1 0.826666 0.745749 0.0302185 0.0395312 0.619654
1 0.788412 0.518848 0.0216886 0.0278088 0.610441
1 0.341175 0.772172 0.0277242 0.0231743 0.572503
1 0.210676 0.689338 0.0193104 0.0335011 0.521913
1 0.301114 0.604194 0.0202782 0.0396054 0.505949
1 0.263929 0.640486 0.0166338 0.048965 0.49953
1 0.332265 0.787691 0.0177506 0.0297765 0.493519
1 0.827121 0.78031 0.023105 0.0342362 0.42371
1 0.204288 0.650532 0.0152159 0.0253398 0.325888
1 0.797295 0.499289 0.0305853 0.0357201 0.794332
1 0.71139 0.53354 0.0189577 0.0496757 0.782654
1 0.696059 0.530548 0.0236262 0.0526803 0.78028
1 0.31896 0.603564 0.0219642 0.0370238 0.776475
1 0.787777 0.5473 0.0354256 0.0338046 0.769903
1 0.222349 0.660876 0.0225173 0.0510493 0.763183
1 0.757272 0.573039 0.0250694 0.0420694 0.739909
1 0.303434 0.783447 0.0214362 0.0497012 0.731066
1 0.254711 0.639461 0.0212597 0.0464146 0.729501
1 0.332451 0.816159 0.0198692 0.0286286 0.725122
1 0.354338 0.791254 0.0193541 0.0384287 0.698463
1 0.826781 0.745782 0.0308474 0.0401805 0.650534
1 0.590932 0.471956 0.0246731 0.0385827 0.63265
1 0.788412 0.518749 0.0216143 0.0281194 0.618537
1 0.341178 0.772183 0.0279258 0.0234241 0.582273
1 0.301087 0.604092 0.0203605 0.0396475 0.53669
1 0.210654 0.689364 0.0190613 0.033247 0.525571
1 0.332264 0.78766 0.0179224 0.0297946 0.503094
1 0.263841 0.640571 0.0166654 0.0487712 0.49134
1 0.827186 0.780439 0.0235859 0.0339492 0.425377
1 0.756805 0.585806 0.0228168 0.0400211 0.380884
1 0.204364 0.650567 0.0152495 0.0257012 0.337616
0 0.990768 0.0797264 0.0184649 0.0457456 0.260355
1 0.797295 0.499289 0.0305853 0.0357201 0.794332
1 0.71139 0.53354 0.0189577 0.0496757 0.782654
1 0.696059 0.530548 0.0236262 0.0526803 0.78028
1 0.31896 0.603564 0.0219642 0.0370238 0.776475
1 0.787777 0.5473 0.0354256 0.0338046 0.769903
1 0.222349 0.660876 0.0225173 0.0510493 0.763183
1 0.757272 0.573039 0.0250694 0.0420694 0.739909
1 0.303434 0.783447 0.0214362 0.0497012 0.731066
1 0.254711 0.639461 0.0212597 0.0464146 0.729501
1 0.332451 0.816159 0.0198692 0.0286286 0.725122
1 0.354338 0.791254 0.0193541 0.0384287 0.698463
1 0.826781 0.745782 0.0308474 0.0401805 0.650534
1 0.590932 0.471956 0.0246731 0.0385827 0.63265
1 0.788412 0.518749 0.0216143 0.0281194 0.618537
1 0.341178 0.772183 0.0279258 0.0234241 0.582273
1 0.301087 0.604092 0.0203605 0.0396475 0.53669
1 0.210654 0.689364 0.0190613 0.033247 0.525571
1 0.332264 0.78766 0.0179224 0.0297946 0.503094
1 0.263841 0.640571 0.0166654 0.0487712 0.49134
1 0.827186 0.780439 0.0235859 0.0339492 0.425377
1 0.756805 0.585806 0.0228168 0.0400211 0.380884
1 0.204364 0.650567 0.0152495 0.0257012 0.337616
0 0.990768 0.0797264 0.0184649 0.0457456 0.260355
1 0.797295 0.499289 0.0305853 0.0357201 0.794332
1 0.71139 0.53354 0.0189577 0.0496757 0.782654
1 0.696059 0.530548 0.0236262 0.0526803 0.78028
1 0.31896 0.603564 0.0219642 0.0370238 0.776475
1 0.787777 0.5473 0.0354256 0.0338046 0.769903
1 0.222349 0.660876 0.0225173 0.0510493 0.763183
1 0.757272 0.573039 0.0250694 0.0420694 0.739909
1 0.303434 0.783447 0.0214362 0.0497012 0.731066
1 0.254711 0.639461 0.0212597 0.0464146 0.729501
1 0.332451 0.816159 0.0198692 0.0286286 0.725122
1 0.354338 0.791254 0.0193541 0.0384287 0.698463
1 0.826781 0.745782 0.0308474 0.0401805 0.650534
1 0.590932 0.471956 0.0246731 0.0385827 0.63265
1 0.788412 0.518749 0.0216143 0.0281194 0.618537
1 0.341178 0.772183 0.0279258 0.0234241 0.582273
1 0.301087 0.604092 0.0203605 0.0396475 0.53669
1 0.210654 0.689364 0.0190613 0.033247 0.525571
1 0.332264 0.78766 0.0179224 0.0297946 0.503094
1 0.263841 0.640571 0.0166654 0.0487712 0.49134
1 0.827186 0.780439 0.0235859 0.0339492 0.425377
1 0.756805 0.585806 0.0228168 0.0400211 0.380884
1 0.204364 0.650567 0.0152495 0.0257012 0.337616
0 0.990768 0.0797264 0.0184649 0.0457456 0.260355
