1 0.553506 0.574192 0.0841385 0.142965 0.798331
0 0.611979 0.113632 0.0512019 0.085502 0.756586
1 0.7139 0.602163 0.063751 0.119047 0.733346
0 0.644624 0.338111 0.0485508 0.105461 0.685139
0 0.701831 0.955368 0.0578426 0.0822369 0.671349
1 0.553414 0.57423 0.0850185 0.142608 0.798231
0 0.612005 0.113641 0.0512512 0.0852317 0.761726
1 0.714005 0.601972 0.0643125 0.120016 0.717545
0 0.702153 0.95501 0.0583546 0.0813993 0.69688
0 0.644508 0.338074 0.0484221 0.105972 0.678853
1 0.553414 0.57423 0.0850185 0.142608 0.798231
0 0.612005 0.113641 0.0512512 0.0852317 0.761726
1 0.714005 0.601972 0.0643125 0.120016 0.717545
0 0.702153 0.95501 0.0583546 0.0813993 0.69688
0 0.644508 0.338074 0.0484221 0.105972 0.678853
1 0.553414 0.57423 0.0850185 0.142608 0.798231
0 0.612005 0.113641 0.0512512 0.0852317 0.761726
1 0.714005 0.601972 0.0643125 0.120016 0.717545
0 0.702153 0.95501 0.0583546 0.0813993 0.69688
0 0.644508 0.338074 0.0484221 0.105972 0.678853
