1 0.621439 0.518748 0.103566 0.110389 0.824977
1 0.505841 0.959714 0.105664 0.0805714 0.802347
1 0.607672 0.972628 0.0736385 0.0544681 0.787736
1 0.637239 0.843867 0.0720056 0.103984 0.76664
1 0.696123 0.35769 0.0808844 0.097159 0.691403
0 0.552126 0.95431 0.0254791 0.0671537 0.690335
1 0.518708 0.887224 0.0749868 0.0858321 0.680055
0 0.276925 0.486547 0.0312043 0.0395281 0.633739
0 0.575006 0.665894 0.0326534 0.0777001 0.575656
1 0.637239 0.938112 0.0651047 0.0818939 0.567336
1 0.976901 0.286161 0.0320477 0.0497303 0.544911
0 0.276119 0.434951 0.027684 0.0328838 0.40223
0 0.635325 0.938341 0.0616344 0.0587778 0.339038
1 0.504312 0.959224 0.100382 0.0814923 0.841347
1 0.621531 0.51816 0.103914 0.112347 0.824562
1 0.607385 0.972822 0.0733587 0.054355 0.808068
1 0.637139 0.84403 0.0714101 0.103841 0.770737
1 0.518607 0.887099 0.0745331 0.0867478 0.721862
0 0.552068 0.95444 0.0245599 0.0669455 0.70718
1 0.696814 0.35748 0.0816926 0.0959502 0.667557
0 0.276873 0.486665 0.0312632 0.0392987 0.633665
1 0.63694 0.938822 0.0650305 0.0842114 0.578262
1 0.976858 0.286132 0.0321857 0.0499512 0.561741
0 0.575065 0.666 0.0331488 0.0779979 0.527528
0 0.63563 0.938746 0.0624379 0.0603793 0.372144
0 0.276201 0.43488 0.0279949 0.0334891 0.300234
1 0.504312 0.959224 0.100382 0.0814923 0.841347
1 0.621531 0.51816 0.103914 0.112347 0.824562
1 0.607385 0.972822 0.0733587 0.054355 0.808068
1 0.637139 0.84403 0.0714101 0.103841 0.770737
1 0.518607 0.887099 0.0745331 0.0867478 0.721862
0 0.552068 0.95444 0.0245599 0.0669455 0.70718
1 0.696814 0.35748 0.0816926 0.0959502 0.667557
0 0.276873 0.486665 0.0312632 0.0392987 0.633665
1 0.63694 0.938822 0.0650305 0.0842114 0.578262
1 0.976858 0.286132 0.0321857 0.0499512 0.561741
0 0.575065 0.666 0.0331488 0.0779979 0.527528
0 0.63563 0.938746 0.0624379 0.0603793 0.372144
0 0.276201 0.43488 0.0279949 0.0334891 0.300234
1 0.504312 0.959224 0.100382 0.0814923 0.841347
1 0.621531 0.51816 0.103914 0.112347 0.824562
1 0.607385 0.972822 0.0733587 0.054355 0.808068
1 0.637139 0.84403 0.0714101 0.103841 0.770737
1 0.518607 0.887099 0.0745331 0.0867478 0.721862
0 0.552068 0.95444 0.0245599 0.0669455 0.70718
1 0.696814 0.35748 0.0816926 0.0959502 0.667557
0 0.276873 0.486665 0.0312632 0.0392987 0.633665
1 0.63694 0.938822 0.0650305 0.0842114 0.578262
1 0.976858 0.286132 0.0321857 0.0499512 0.561741
0 0.575065 0.666 0.0331488 0.0779979 0.527528
0 0.63563 0.938746 0.0624379 0.0603793 0.372144
0 0.276201 0.43488 0.0279949 0.0334891 0.300234
