0 0.569249 0.500137 0.0328681 0.024703 0.715936
1 0.163355 0.592893 0.022346 0.0422719 0.692877
0 0.163475 0.530076 0.0201056 0.0301612 0.656135
0 0.465062 0.31454 0.0295815 0.0522508 0.654173
0 0.88275 0.555176 0.0138245 0.0217722 0.61085
0 0.561455 0.52251 0.0235456 0.040125 0.602425
1 0.179697 0.37848 0.0242533 0.0442605 0.600148
1 0.543778 0.668631 0.0237389 0.0388193 0.559009
0 0.884017 0.573094 0.0148846 0.0234897 0.529719
0 0.175773 0.651347 0.0168158 0.0330342 0.517727
0 0.159075 0.617283 0.0155681 0.02083 0.429031
0 0.886617 0.60357 0.0169788 0.0240157 0.42644
0 0.162362 0.59368 0.0208631 0.0445474 0.346744
0 0.569217 0.500335 0.0329182 0.0248645 0.716474
1 0.163358 0.592891 0.0224401 0.0422584 0.716011
0 0.163457 0.530057 0.020289 0.0302124 0.658646
1 0.543756 0.668604 0.0242095 0.0387576 0.63023
0 0.882694 0.555182 0.0135761 0.0218043 0.623127
0 0.465186 0.314328 0.0297926 0.0523641 0.614819
1 0.179717 0.378407 0.0243106 0.0442145 0.61191
0 0.561506 0.522582 0.0239294 0.0402186 0.601918
0 0.883975 0.573084 0.0150063 0.0235607 0.544313
0 0.175756 0.651251 0.0166924 0.0329542 0.509497
0 0.886605 0.60354 0.0169145 0.0238551 0.432293
0 0.159054 0.617181 0.0155323 0.0204768 0.413148
2 0.253883 0.658814 0.0107051 0.0180458 0.330797
2 0.0491227 0.437113 0.0149076 0.0240044 0.278166
0 0.569217 0.500335 0.0329182 0.0248645 0.716474
1 0.163358 0.592891 0.0224401 0.0422584 0.716011
0 0.163457 0.530057 0.020289 0.0302124 0.658646
1 0.543756 0.668604 0.0242095 0.0387576 0.63023
0 0.882694 0.555182 0.0135761 0.0218043 0.623127
0 0.465186 0.314328 0.0297926 0.0523641 0.614819
1 0.179717 0.378407 0.0243106 0.0442145 0.61191
0 0.561506 0.522582 0.0239294 0.0402186 0.601918
0 0.883975 0.573084 0.0150063 0.0235607 0.544313
0 0.175756 0.651251 0.0166924 0.0329542 0.509497
0 0.886605 0.60354 0.0169145 0.0238551 0.432293
0 0.159054 0.617181 0.0155323 0.0204768 0.413148
2 0.253883 0.658814 0.0107051 0.0180458 0.330797
2 0.0491227 0.437113 0.0149076 0.0240044 0.278166
0 0.569217 0.500335 0.0329182 0.0248645 0.716474
1 0.163358 0.592891 0.0224401 0.0422584 0.716011
0 0.163457 0.530057 0.020289 0.0302124 0.658646
1 0.543756 0.668604 0.0242095 0.0387576 0.63023
0 0.882694 0.555182 0.0135761 0.0218043 0.623127
0 0.465186 0.314328 0.0297926 0.0523641 0.614819
1 0.179717 0.378407 0.0243106 0.0442145 0.61191
0 0.561506 0.522582 0.0239294 0.0402186 0.601918
0 0.883975 0.573084 0.0150063 0.0235607 0.544313
0 0.175756 0.651251 0.0166924 0.0329542 0.509497
0 0.886605 0.60354 0.0169145 0.0238551 0.432293
0 0.159054 0.617181 0.0155323 0.0204768 0.413148
2 0.253883 0.658814 0.0107051 0.0180458 0.330797
2 0.0491227 0.437113 0.0149076 0.0240044 0.278166
