4 0.784621 0.73112 0.18424 0.280738 0.827256
4 0.559382 0.740839 0.200016 0.142667 0.816318
4 0.343217 0.642463 0.0965836 0.133276 0.730156
4 0.968479 0.743217 0.0630418 0.315114 0.713547
4 0.152216 0.65606 0.260158 0.162363 0.50392
4 0.0549062 0.666555 0.109812 0.20075 0.420411
4 0.783939 0.731263 0.185436 0.281171 0.825795
4 0.561457 0.740846 0.204082 0.143412 0.810244
4 0.34321 0.642593 0.0973532 0.133376 0.73444
4 0.96853 0.74317 0.0629399 0.314428 0.719975
4 0.148642 0.655469 0.267545 0.161379 0.51543
4 0.0557121 0.66639 0.111424 0.201632 0.406258
4 0.783939 0.731263 0.185436 0.281171 0.825795
4 0.561457 0.740846 0.204082 0.143412 0.810244
4 0.34321 0.642593 0.0973532 0.133376 0.73444
4 0.96853 0.74317 0.0629399 0.314428 0.719975
4 0.148642 0.655469 0.267545 0.161379 0.51543
4 0.0557121 0.66639 0.111424 0.201632 0.406258
4 0.783939 0.731263 0.185436 0.281171 0.825795
4 0.561457 0.740846 0.204082 0.143412 0.810244
4 0.34321 0.642593 0.0973532 0.133376 0.73444
4 0.96853 0.74317 0.0629399 0.314428 0.719975
4 0.148642 0.655469 0.267545 0.161379 0.51543
4 0.0557121 0.66639 0.111424 0.201632 0.406258
