1 0.651131 0.645872 0.0315314 0.0483603 0.639608
0 0.38285 0.625949 0.02082 0.0321784 0.630068
1 0.0317743 0.475015 0.0391831 0.0784567 0.627508
1 0.642543 0.72685 0.0290314 0.0511768 0.59408
1 0.403389 0.530333 0.0252847 0.0387155 0.542351
1 0.0128391 0.594501 0.0256781 0.0651787 0.487962
1 0.00899821 0.665992 0.0179964 0.100946 0.338764
1 0.0317019 0.474854 0.0393558 0.0778988 0.644441
1 0.651155 0.645861 0.0310146 0.0481488 0.635637
0 0.382834 0.626036 0.0205299 0.0321054 0.617338
1 0.642707 0.726702 0.0281353 0.0503037 0.604748
1 0.403369 0.530224 0.0250962 0.0384824 0.539791
1 0.0131622 0.594985 0.0262021 0.0628397 0.39988
1 0.0088335 0.666084 0.017667 0.100964 0.330862
1 0.0317019 0.474854 0.0393558 0.0778988 0.644441
1 0.651155 0.645861 0.0310146 0.0481488 0.635637
0 0.382834 0.626036 0.0205299 0.0321054 0.617338
1 0.642707 0.726702 0.0281353 0.0503037 0.604748
1 0.403369 0.530224 0.0250962 0.0384824 0.539791
1 0.0131622 0.594985 0.0262021 0.0628397 0.39988
1 0.0088335 0.666084 0.017667 0.100964 0.330862
1 0.0317019 0.474854 0.0393558 0.0778988 0.644441
1 0.651155 0.645861 0.0310146 0.0481488 0.635637
0 0.382834 0.626036 0.0205299 0.0321054 0.617338
1 0.642707 0.726702 0.0281353 0.0503037 0.604748
1 0.403369 0.530224 0.0250962 0.0384824 0.539791
1 0.0131622 0.594985 0.0262021 0.0628397 0.39988
1 0.0088335 0.666084 0.017667 0.100964 0.330862
