0 0.110016 0.431755 0.0675709 0.146118 0.895684
2 0.499229 0.783249 0.0716988 0.0872212 0.890362
0 0.326893 0.497395 0.0610403 0.093399 0.879074
0 0.458966 0.87532 0.0802121 0.117853 0.862495
3 0.59255 0.338004 0.0651882 0.115121 0.856332
3 0.758608 0.203359 0.0529133 0.122677 0.849974
0 0.373807 0.653931 0.0481358 0.0909882 0.849204
2 0.388822 0.93 0.0784851 0.139999 0.847032
2 0.373114 0.393102 0.072563 0.119485 0.843425
0 0.294162 0.57005 0.0762633 0.0863441 0.841613
0 0.453524 0.935747 0.0432907 0.0635157 0.830375
0 0.346218 0.772866 0.0626689 0.124847 0.8047
2 0.502634 0.860581 0.0580648 0.0817949 0.786745
0 0.610213 0.542293 0.0421652 0.0654907 0.555018
2 0.499287 0.783368 0.0717974 0.087507 0.886744
0 0.326881 0.497494 0.06098 0.0934361 0.879076
0 0.109694 0.43123 0.0668356 0.146705 0.874215
3 0.592853 0.33836 0.0654223 0.114944 0.858904
0 0.45897 0.875401 0.0802567 0.118166 0.854726
2 0.389105 0.929858 0.0770828 0.140283 0.852741
0 0.373788 0.654044 0.0478807 0.0906769 0.849041
3 0.759409 0.204251 0.0524274 0.12257 0.843134
2 0.373041 0.393416 0.0725484 0.119514 0.842546
0 0.453466 0.935813 0.0432417 0.0639958 0.82841
0 0.294162 0.570158 0.076279 0.0863446 0.828181
0 0.346211 0.772759 0.0625248 0.124573 0.801237
2 0.502593 0.860688 0.0584103 0.0818072 0.789079
0 0.61032 0.542385 0.042209 0.0654239 0.554346
0 0.939212 0.622965 0.015414 0.0270299 0.257172
2 0.499287 0.783368 0.0717974 0.087507 0.886744
0 0.326881 0.497494 0.06098 0.0934361 0.879076
0 0.109694 0.43123 0.0668356 0.146705 0.874215
3 0.592853 0.33836 0.0654223 0.114944 0.858904
0 0.45897 0.875401 0.0802567 0.118166 0.854726
2 0.389105 0.929858 0.0770828 0.140283 0.852741
0 0.373788 0.654044 0.0478807 0.0906769 0.849041
3 0.759409 0.204251 0.0524274 0.12257 0.843134
2 0.373041 0.393416 0.0725484 0.119514 0.842546
0 0.453466 0.935813 0.0432417 0.0639958 0.82841
0 0.294162 0.570158 0.076279 0.0863446 0.828181
0 0.346211 0.772759 0.0625248 0.124573 0.801237
2 0.502593 0.860688 0.0584103 0.0818072 0.789079
0 0.61032 0.542385 0.042209 0.0654239 0.554346
0 0.939212 0.622965 0.015414 0.0270299 0.257172
2 0.499287 0.783368 0.0717974 0.087507 0.886744
0 0.326881 0.497494 0.06098 0.0934361 0.879076
0 0.109694 0.43123 0.0668356 0.146705 0.874215
3 0.592853 0.33836 0.0654223 0.114944 0.858904
0 0.45897 0.875401 0.0802567 0.118166 0.854726
2 0.389105 0.929858 0.0770828 0.140283 0.852741
0 0.373788 0.654044 0.0478807 0.0906769 0.849041
3 0.759409 0.204251 0.0524274 0.12257 0.843134
2 0.373041 0.393416 0.0725484 0.119514 0.842546
0 0.453466 0.935813 0.0432417 0.0639958 0.82841
0 0.294162 0.570158 0.076279 0.0863446 0.828181
0 0.346211 0.772759 0.0625248 0.124573 0.801237
2 0.502593 0.860688 0.0584103 0.0818072 0.789079
0 0.61032 0.542385 0.042209 0.0654239 0.554346
0 0.939212 0.622965 0.015414 0.0270299 0.257172
