4 0.231345 0.76305 0.351255 0.229501 0.812948
4 0.912687 0.716612 0.143822 0.232507 0.702142
4 0.541539 0.687489 0.247315 0.171163 0.623473
4 0.231099 0.76333 0.349678 0.221938 0.800989
4 0.912674 0.716417 0.143627 0.231812 0.707832
4 0.541776 0.687603 0.247678 0.171653 0.631017
4 0.231099 0.76333 0.349678 0.221938 0.800989
4 0.912674 0.716417 0.143627 0.231812 0.707832
4 0.541776 0.687603 0.247678 0.171653 0.631017
4 0.231099 0.76333 0.349678 0.221938 0.800989
4 0.912674 0.716417 0.143627 0.231812 0.707832
4 0.541776 0.687603 0.247678 0.171653 0.631017
