4 0.636353 0.331865 0.35407 0.489743 0.639644
4 0.346337 0.23603 0.367071 0.349606 0.521753
4 0.853793 0.792244 0.292415 0.410237 0.503044
4 0.639378 0.32098 0.372645 0.502411 0.64649
4 0.35247 0.235234 0.381683 0.357146 0.622694
4 0.854893 0.795845 0.290214 0.399105 0.440455
4 0.639378 0.32098 0.372645 0.502411 0.64649
4 0.35247 0.235234 0.381683 0.357146 0.622694
4 0.854893 0.795845 0.290214 0.399105 0.440455
4 0.639378 0.32098 0.372645 0.502411 0.64649
4 0.35247 0.235234 0.381683 0.357146 0.622694
4 0.854893 0.795845 0.290214 0.399105 0.440455
