1 0.63585 0.452772 0.0161693 0.03004 0.536861
1 0.582496 0.679545 0.0270349 0.0383552 0.485149
1 0.659712 0.461184 0.015677 0.0288046 0.483717
2 0.305969 0.633658 0.0162661 0.0301154 0.434226
0 0.319121 0.590565 0.0149794 0.033675 0.426327
0 0.326976 0.443763 0.013483 0.0261431 0.394115
0 0.303055 0.580296 0.0182925 0.029987 0.382594
0 0.330408 0.610169 0.0179224 0.0214447 0.376501
1 0.102832 0.499431 0.0195999 0.0463609 0.369038
0 0.102545 0.49917 0.0197824 0.0466279 0.365248
3 0.505813 0.311607 0.0176682 0.0285495 0.355893
0 0.31708 0.450951 0.0119311 0.0208846 0.34579
0 0.12703 0.523892 0.0142622 0.0275676 0.338702
1 0.63587 0.45272 0.0160227 0.0300824 0.508277
1 0.65971 0.461114 0.0158009 0.0290567 0.482485
0 0.319106 0.590551 0.0150075 0.0337677 0.448854
1 0.582532 0.679578 0.0271086 0.0384688 0.436124
0 0.102602 0.499175 0.0196394 0.0465898 0.420574
0 0.303056 0.580271 0.0183173 0.0300733 0.417075
0 0.326995 0.443749 0.0133799 0.0260414 0.416236
0 0.33042 0.610186 0.0179253 0.0214686 0.404838
2 0.305947 0.633677 0.0161393 0.0300253 0.402145
0 0.12704 0.523828 0.0141085 0.0273095 0.373233
0 0.317067 0.450914 0.0118998 0.0209353 0.37104
0 0.582684 0.679689 0.0267754 0.0383926 0.353584
3 0.505915 0.311372 0.0175936 0.0286269 0.339116
1 0.63587 0.45272 0.0160227 0.0300824 0.508277
1 0.65971 0.461114 0.0158009 0.0290567 0.482485
0 0.319106 0.590551 0.0150075 0.0337677 0.448854
1 0.582532 0.679578 0.0271086 0.0384688 0.436124
0 0.102602 0.499175 0.0196394 0.0465898 0.420574
0 0.303056 0.580271 0.0183173 0.0300733 0.417075
0 0.326995 0.443749 0.0133799 0.0260414 0.416236
0 0.33042 0.610186 0.0179253 0.0214686 0.404838
2 0.305947 0.633677 0.0161393 0.0300253 0.402145
0 0.12704 0.523828 0.0141085 0.0273095 0.373233
0 0.317067 0.450914 0.0118998 0.0209353 0.37104
0 0.582684 0.679689 0.0267754 0.0383926 0.353584
3 0.505915 0.311372 0.0175936 0.0286269 0.339116
1 0.63587 0.45272 0.0160227 0.0300824 0.508277
1 0.65971 0.461114 0.0158009 0.0290567 0.482485
0 0.319106 0.590551 0.0150075 0.0337677 0.448854
1 0.582532 0.679578 0.0271086 0.0384688 0.436124
0 0.102602 0.499175 0.0196394 0.0465898 0.420574
0 0.303056 0.580271 0.0183173 0.0300733 0.417075
0 0.326995 0.443749 0.0133799 0.0260414 0.416236
0 0.33042 0.610186 0.0179253 0.0214686 0.404838
2 0.305947 0.633677 0.0161393 0.0300253 0.402145
0 0.12704 0.523828 0.0141085 0.0273095 0.373233
0 0.317067 0.450914 0.0118998 0.0209353 0.37104
0 0.582684 0.679689 0.0267754 0.0383926 0.353584
3 0.505915 0.311372 0.0175936 0.0286269 0.339116
