1 0.185728 0.639042 0.058661 0.0857931 0.869517
1 0.603441 0.329 0.0574211 0.0659043 0.857499
2 0.15075 0.57798 0.0435139 0.0712118 0.855504
2 0.31055 0.621225 0.0623516 0.0560366 0.834354
2 0.257241 0.649593 0.0975577 0.0807199 0.82953
1 0.493412 0.338334 0.0582043 0.0746664 0.826596
3 0.211632 0.715236 0.0701592 0.0804765 0.822717
1 0.344404 0.538323 0.0316987 0.0387756 0.822306
1 0.380568 0.546792 0.0353848 0.0819347 0.816577
1 0.261058 0.533661 0.045433 0.0385801 0.815509
1 0.148961 0.673035 0.0583649 0.0584547 0.812115
1 0.118626 0.624971 0.0344732 0.056242 0.795295
1 0.273863 0.579507 0.0611071 0.0501901 0.795255
3 0.219658 0.572449 0.0499044 0.0877392 0.78667
2 0.160287 0.515448 0.0750061 0.0516098 0.785231
2 0.409361 0.555402 0.0262638 0.0442904 0.755113
0 0.551184 0.309093 0.0233521 0.0496409 0.739054
1 0.487031 0.0658699 0.0550968 0.0501968 0.737934
2 0.344416 0.577034 0.0834446 0.0609211 0.731568
1 0.378096 0.639643 0.0473902 0.0772494 0.708333
2 0.408762 0.599147 0.0430401 0.0563896 0.704983
0 0.515203 0.0424952 0.031459 0.042595 0.686896
1 0.503984 0.467255 0.0411486 0.0577248 0.67427
0 0.513206 0.274953 0.0353142 0.0635714 0.663279
0 0.508082 0.380113 0.0270333 0.0362184 0.59697
1 0.147047 0.627662 0.0257355 0.0427661 0.573049
0 0.590064 0.267682 0.0388268 0.0363709 0.553415
1 0.562366 0.225032 0.0339241 0.0516561 0.539037
3 0.32981 0.523179 0.0412366 0.0376433 0.52974
0 0.60143 0.414957 0.0417753 0.0416171 0.505598
3 0.18614 0.543156 0.0334442 0.0452902 0.487168
2 0.288966 0.52682 0.0253464 0.0328937 0.43041
0 0.498942 0.208225 0.0288771 0.0240832 0.406332
3 0.168166 0.823085 0.0233997 0.0555871 0.319263
1 0.185841 0.638973 0.0584647 0.0856243 0.86734
1 0.603432 0.32905 0.0573441 0.0658997 0.855836
2 0.150804 0.577846 0.0434462 0.0711782 0.853595
2 0.310568 0.621291 0.0624716 0.056235 0.832801
2 0.257322 0.649621 0.0976945 0.0809321 0.8318
3 0.211736 0.715187 0.070514 0.0803811 0.829698
1 0.493473 0.338346 0.0581916 0.0746534 0.823851
1 0.344421 0.538339 0.0318156 0.0387464 0.822311
1 0.149061 0.672939 0.0581536 0.0580318 0.81811
1 0.380542 0.546559 0.0354343 0.0814447 0.816143
1 0.261076 0.533779 0.0454192 0.0384744 0.813719
1 0.118702 0.624981 0.0342856 0.0560106 0.789391
2 0.160291 0.5155 0.0746935 0.0516291 0.784956
3 0.219682 0.572456 0.0499409 0.0875761 0.781357
1 0.273861 0.579631 0.0610624 0.0504444 0.779889
2 0.409412 0.555285 0.0262663 0.0442057 0.752372
0 0.551183 0.309123 0.0233646 0.0495101 0.738227
2 0.344415 0.577078 0.0835544 0.0609403 0.736375
1 0.48702 0.065987 0.0557721 0.0502842 0.732316
2 0.408746 0.599232 0.0431916 0.0563516 0.721077
0 0.515235 0.0422109 0.0313738 0.0421542 0.712988
0 0.51322 0.275045 0.0349762 0.0632587 0.671451
1 0.377809 0.639508 0.0470494 0.0776712 0.67001
1 0.50407 0.467242 0.04123 0.0573695 0.625691
0 0.508097 0.380137 0.0268044 0.0361391 0.58967
0 0.590089 0.267681 0.0386372 0.0361156 0.557076
1 0.147049 0.627597 0.0257026 0.0428118 0.539566
3 0.329805 0.523143 0.0412833 0.0376808 0.523764
0 0.601406 0.41505 0.0417772 0.041522 0.518896
1 0.562377 0.224933 0.0339258 0.051822 0.50857
3 0.18613 0.543167 0.033409 0.0452179 0.480131
2 0.288642 0.526892 0.0262892 0.0329016 0.445685
0 0.499122 0.20818 0.0290028 0.0241272 0.412615
2 0.37815 0.639155 0.0478632 0.0770085 0.412486
3 0.168173 0.82314 0.0237002 0.0561503 0.342489
2 0.186673 0.543806 0.0335694 0.0487993 0.286869
1 0.512414 0.275356 0.0336323 0.0615388 0.270856
1 0.329615 0.519558 0.043012 0.0326865 0.25262
1 0.185841 0.638973 0.0584647 0.0856243 0.86734
1 0.603432 0.32905 0.0573441 0.0658997 0.855836
2 0.150804 0.577846 0.0434462 0.0711782 0.853595
2 0.310568 0.621291 0.0624716 0.056235 0.832801
2 0.257322 0.649621 0.0976945 0.0809321 0.8318
3 0.211736 0.715187 0.070514 0.0803811 0.829698
1 0.493473 0.338346 0.0581916 0.0746534 0.823851
1 0.344421 0.538339 0.0318156 0.0387464 0.822311
1 0.149061 0.672939 0.0581536 0.0580318 0.81811
1 0.380542 0.546559 0.0354343 0.0814447 0.816143
1 0.261076 0.533779 0.0454192 0.0384744 0.813719
1 0.118702 0.624981 0.0342856 0.0560106 0.789391
2 0.160291 0.5155 0.0746935 0.0516291 0.784956
3 0.219682 0.572456 0.0499409 0.0875761 0.781357
1 0.273861 0.579631 0.0610624 0.0504444 0.779889
2 0.409412 0.555285 0.0262663 0.0442057 0.752372
0 0.551183 0.309123 0.0233646 0.0495101 0.738227
2 0.344415 0.577078 0.0835544 0.0609403 0.736375
1 0.48702 0.065987 0.0557721 0.0502842 0.732316
2 0.408746 0.599232 0.0431916 0.0563516 0.721077
0 0.515235 0.0422109 0.0313738 0.0421542 0.712988
0 0.51322 0.275045 0.0349762 0.0632587 0.671451
1 0.377809 0.639508 0.0470494 0.0776712 0.67001
1 0.50407 0.467242 0.04123 0.0573695 0.625691
0 0.508097 0.380137 0.0268044 0.0361391 0.58967
0 0.590089 0.267681 0.0386372 0.0361156 0.557076
1 0.147049 0.627597 0.0257026 0.0428118 0.539566
3 0.329805 0.523143 0.0412833 0.0376808 0.523764
0 0.601406 0.41505 0.0417772 0.041522 0.518896
1 0.562377 0.224933 0.0339258 0.051822 0.50857
3 0.18613 0.543167 0.033409 0.0452179 0.480131
2 0.288642 0.526892 0.0262892 0.0329016 0.445685
0 0.499122 0.20818 0.0290028 0.0241272 0.412615
2 0.37815 0.639155 0.0478632 0.0770085 0.412486
3 0.168173 0.82314 0.0237002 0.0561503 0.342489
2 0.186673 0.543806 0.0335694 0.0487993 0.286869
1 0.512414 0.275356 0.0336323 0.0615388 0.270856
1 0.329615 0.519558 0.043012 0.0326865 0.25262
1 0.185841 0.638973 0.0584647 0.0856243 0.86734
1 0.603432 0.32905 0.0573441 0.0658997 0.855836
2 0.150804 0.577846 0.0434462 0.0711782 0.853595
2 0.310568 0.621291 0.0624716 0.056235 0.832801
2 0.257322 0.649621 0.0976945 0.0809321 0.8318
3 0.211736 0.715187 0.070514 0.0803811 0.829698
1 0.493473 0.338346 0.0581916 0.0746534 0.823851
1 0.344421 0.538339 0.0318156 0.0387464 0.822311
1 0.149061 0.672939 0.0581536 0.0580318 0.81811
1 0.380542 0.546559 0.0354343 0.0814447 0.816143
1 0.261076 0.533779 0.0454192 0.0384744 0.813719
1 0.118702 0.624981 0.0342856 0.0560106 0.789391
2 0.160291 0.5155 0.0746935 0.0516291 0.784956
3 0.219682 0.572456 0.0499409 0.0875761 0.781357
1 0.273861 0.579631 0.0610624 0.0504444 0.779889
2 0.409412 0.555285 0.0262663 0.0442057 0.752372
0 0.551183 0.309123 0.0233646 0.0495101 0.738227
2 0.344415 0.577078 0.0835544 0.0609403 0.736375
1 0.48702 0.065987 0.0557721 0.0502842 0.732316
2 0.408746 0.599232 0.0431916 0.0563516 0.721077
0 0.515235 0.0422109 0.0313738 0.0421542 0.712988
0 0.51322 0.275045 0.0349762 0.0632587 0.671451
1 0.377809 0.639508 0.0470494 0.0776712 0.67001
1 0.50407 0.467242 0.04123 0.0573695 0.625691
0 0.508097 0.380137 0.0268044 0.0361391 0.58967
0 0.590089 0.267681 0.0386372 0.0361156 0.557076
1 0.147049 0.627597 0.0257026 0.0428118 0.539566
3 0.329805 0.523143 0.0412833 0.0376808 0.523764
0 0.601406 0.41505 0.0417772 0.041522 0.518896
1 0.562377 0.224933 0.0339258 0.051822 0.50857
3 0.18613 0.543167 0.033409 0.0452179 0.480131
2 0.288642 0.526892 0.0262892 0.0329016 0.445685
0 0.499122 0.20818 0.0290028 0.0241272 0.412615
2 0.37815 0.639155 0.0478632 0.0770085 0.412486
3 0.168173 0.82314 0.0237002 0.0561503 0.342489
2 0.186673 0.543806 0.0335694 0.0487993 0.286869
1 0.512414 0.275356 0.0336323 0.0615388 0.270856
1 0.329615 0.519558 0.043012 0.0326865 0.25262
