1 0.558836 0.491487 0.0388775 0.0648546 0.83065
1 0.617135 0.558511 0.0642996 0.0778438 0.822715
1 0.682855 0.241144 0.0397973 0.0404642 0.817962
1 0.673299 0.381351 0.0419019 0.0749781 0.803363
1 0.857295 0.3843 0.0576847 0.0954343 0.795333
1 0.585282 0.592372 0.0375854 0.0703478 0.790684
1 0.702603 0.339334 0.0306158 0.0513193 0.789252
1 0.523102 0.692376 0.0549229 0.0666725 0.756278
1 0.524569 0.600572 0.0446751 0.047135 0.744055
1 0.62526 0.316493 0.0228536 0.0464851 0.741469
1 0.562843 0.56735 0.042584 0.0675941 0.741005
0 0.640582 0.80485 0.0395117 0.047921 0.71001
1 0.688378 0.216661 0.0486922 0.0341739 0.671395
1 0.527819 0.566845 0.0311428 0.0524169 0.622248
1 0.991441 0.327812 0.0171185 0.104303 0.543959
1 0.502865 0.150905 0.0343894 0.0450278 0.407573
1 0.641721 0.238158 0.0179781 0.0360668 0.346034
1 0.558835 0.491585 0.0389055 0.0651578 0.824696
1 0.617145 0.558734 0.0640836 0.0777719 0.819192
1 0.682865 0.241217 0.0399833 0.0404347 0.816673
1 0.673282 0.381538 0.0421133 0.0756384 0.800665
1 0.857232 0.384347 0.057887 0.0952333 0.796932
1 0.702591 0.339082 0.030632 0.0517893 0.790361
1 0.585335 0.592357 0.0378246 0.0705435 0.789031
1 0.523144 0.692274 0.0546467 0.0660278 0.760059
1 0.524577 0.600537 0.0446892 0.0470863 0.749789
1 0.625127 0.316426 0.0228739 0.0468709 0.744052
1 0.562864 0.567413 0.0426104 0.0675532 0.73894
0 0.640619 0.804891 0.0393114 0.0476096 0.709115
1 0.68831 0.216719 0.0490612 0.0344648 0.672231
1 0.527817 0.566943 0.0310764 0.052225 0.647578
1 0.991517 0.327711 0.0169666 0.104008 0.553632
1 0.502866 0.150608 0.0342701 0.0456196 0.431038
1 0.641707 0.238086 0.018131 0.0364272 0.370063
1 0.558835 0.491585 0.0389055 0.0651578 0.824696
1 0.617145 0.558734 0.0640836 0.0777719 0.819192
1 0.682865 0.241217 0.0399833 0.0404347 0.816673
1 0.673282 0.381538 0.0421133 0.0756384 0.800665
1 0.857232 0.384347 0.057887 0.0952333 0.796932
1 0.702591 0.339082 0.030632 0.0517893 0.790361
1 0.585335 0.592357 0.0378246 0.0705435 0.789031
1 0.523144 0.692274 0.0546467 0.0660278 0.760059
1 0.524577 0.600537 0.0446892 0.0470863 0.749789
1 0.625127 0.316426 0.0228739 0.0468709 0.744052
1 0.562864 0.567413 0.0426104 0.0675532 0.73894
0 0.640619 0.804891 0.0393114 0.0476096 0.709115
1 0.68831 0.216719 0.0490612 0.0344648 0.672231
1 0.527817 0.566943 0.0310764 0.052225 0.647578
1 0.991517 0.327711 0.0169666 0.104008 0.553632
1 0.502866 0.150608 0.0342701 0.0456196 0.431038
1 0.641707 0.238086 0.018131 0.0364272 0.370063
1 0.558835 0.491585 0.0389055 0.0651578 0.824696
1 0.617145 0.558734 0.0640836 0.0777719 0.819192
1 0.682865 0.241217 0.0399833 0.0404347 0.816673
1 0.673282 0.381538 0.0421133 0.0756384 0.800665
1 0.857232 0.384347 0.057887 0.0952333 0.796932
1 0.702591 0.339082 0.030632 0.0517893 0.790361
1 0.585335 0.592357 0.0378246 0.0705435 0.789031
1 0.523144 0.692274 0.0546467 0.0660278 0.760059
1 0.524577 0.600537 0.0446892 0.0470863 0.749789
1 0.625127 0.316426 0.0228739 0.0468709 0.744052
1 0.562864 0.567413 0.0426104 0.0675532 0.73894
0 0.640619 0.804891 0.0393114 0.0476096 0.709115
1 0.68831 0.216719 0.0490612 0.0344648 0.672231
1 0.527817 0.566943 0.0310764 0.052225 0.647578
1 0.991517 0.327711 0.0169666 0.104008 0.553632
1 0.502866 0.150608 0.0342701 0.0456196 0.431038
1 0.641707 0.238086 0.018131 0.0364272 0.370063
