1 0.601765 0.597677 0.0384053 0.0803629 0.886154
0 0.511526 0.425633 0.0341371 0.0512785 0.882229
2 0.279568 0.774277 0.0249868 0.0466549 0.852779
2 0.303836 0.680686 0.0332199 0.0635911 0.831753
2 0.273589 0.686846 0.0235086 0.0451928 0.792676
0 0.766968 0.417217 0.0312263 0.0388098 0.784887
0 0.495947 0.344782 0.0455648 0.0321524 0.778085
2 0.264038 0.662539 0.0190672 0.0497122 0.767005
2 0.30301 0.734162 0.013928 0.0298924 0.736126
2 0.298261 0.760198 0.020608 0.0313153 0.38497
1 0.601799 0.597716 0.0383675 0.0802764 0.891023
0 0.511505 0.425607 0.0337034 0.0512404 0.890493
2 0.279536 0.77424 0.0249694 0.0466951 0.859018
2 0.303805 0.680694 0.0331298 0.0634404 0.828356
2 0.273626 0.68694 0.0235895 0.0449255 0.791554
0 0.767017 0.417236 0.0310661 0.0387787 0.786771
0 0.49587 0.344734 0.0451645 0.0316738 0.782247
2 0.264029 0.662619 0.0190809 0.0499337 0.766265
2 0.302997 0.734196 0.0140963 0.0299929 0.75959
2 0.298157 0.760427 0.0206144 0.0319481 0.391384
1 0.601799 0.597716 0.0383675 0.0802764 0.891023
0 0.511505 0.425607 0.0337034 0.0512404 0.890493
2 0.279536 0.77424 0.0249694 0.0466951 0.859018
2 0.303805 0.680694 0.0331298 0.0634404 0.828356
2 0.273626 0.68694 0.0235895 0.0449255 0.791554
0 0.767017 0.417236 0.0310661 0.0387787 0.786771
0 0.49587 0.344734 0.0451645 0.0316738 0.782247
2 0.264029 0.662619 0.0190809 0.0499337 0.766265
2 0.302997 0.734196 0.0140963 0.0299929 0.75959
2 0.298157 0.760427 0.0206144 0.0319481 0.391384
1 0.601799 0.597716 0.0383675 0.0802764 0.891023
0 0.511505 0.425607 0.0337034 0.0512404 0.890493
2 0.279536 0.77424 0.0249694 0.0466951 0.859018
2 0.303805 0.680694 0.0331298 0.0634404 0.828356
2 0.273626 0.68694 0.0235895 0.0449255 0.791554
0 0.767017 0.417236 0.0310661 0.0387787 0.786771
0 0.49587 0.344734 0.0451645 0.0316738 0.782247
2 0.264029 0.662619 0.0190809 0.0499337 0.766265
2 0.302997 0.734196 0.0140963 0.0299929 0.75959
2 0.298157 0.760427 0.0206144 0.0319481 0.391384
