4 0.61608 0.336605 0.723053 0.651009 0.855626
2 0.598689 0.441959 0.0297083 0.0478244 0.833425
1 0.0197172 0.218211 0.0392005 0.0688671 0.657765
1 0.00782622 0.378356 0.0156524 0.0906995 0.498302
4 0.632721 0.338044 0.722263 0.651906 0.878919
2 0.598708 0.441847 0.0296812 0.0477741 0.829948
1 0.0197348 0.217937 0.0392511 0.0685287 0.65756
1 0.00805698 0.378421 0.016114 0.0915156 0.476418
4 0.632721 0.338044 0.722263 0.651906 0.878919
2 0.598708 0.441847 0.0296812 0.0477741 0.829948
1 0.0197348 0.217937 0.0392511 0.0685287 0.65756
1 0.00805698 0.378421 0.016114 0.0915156 0.476418
4 0.632721 0.338044 0.722263 0.651906 0.878919
2 0.598708 0.441847 0.0296812 0.0477741 0.829948
1 0.0197348 0.217937 0.0392511 0.0685287 0.65756
1 0.00805698 0.378421 0.016114 0.0915156 0.476418
