3 0.420433 0.497235 0.0364357 0.0620922 0.761778
4 0.837388 0.26116 0.323666 0.516609 0.607992
4 0.0838351 0.281124 0.166938 0.557115 0.391054
3 0.420436 0.497245 0.0364134 0.0618122 0.765258
4 0.835067 0.261583 0.327774 0.513827 0.423703
4 0.410799 0.157186 0.455885 0.313828 0.339596
3 0.420436 0.497245 0.0364134 0.0618122 0.765258
4 0.835067 0.261583 0.327774 0.513827 0.423703
4 0.410799 0.157186 0.455885 0.313828 0.339596
3 0.420436 0.497245 0.0364134 0.0618122 0.765258
4 0.835067 0.261583 0.327774 0.513827 0.423703
4 0.410799 0.157186 0.455885 0.313828 0.339596
