1 0.472653 0.133626 0.096364 0.137593 0.8732
0 0.602725 0.147147 0.0554232 0.0603652 0.776459
0 0.738178 0.807411 0.041663 0.0749587 0.752405
0 0.716994 0.819926 0.0305356 0.062862 0.716479
0 0.578598 0.0627441 0.0373039 0.0465427 0.71348
0 0.621947 0.433457 0.0722772 0.0994428 0.707202
1 0.493749 0.0467427 0.048333 0.0749002 0.693749
0 0.587509 0.0293623 0.0533103 0.0293629 0.651515
1 0.566674 0.60576 0.0448355 0.0987993 0.507936
0 0.698342 0.525039 0.0483856 0.0341682 0.341361
1 0.473337 0.134416 0.0978582 0.137331 0.867542
0 0.602809 0.147374 0.0561399 0.061501 0.778283
0 0.738097 0.807584 0.0413101 0.0746233 0.758277
1 0.493768 0.0462198 0.049354 0.0755557 0.721786
0 0.717021 0.81996 0.0303196 0.0624889 0.716635
0 0.578587 0.0627529 0.0378868 0.0467723 0.705041
0 0.621998 0.433421 0.0727728 0.100104 0.695887
0 0.587046 0.0299596 0.0535675 0.0291404 0.631574
1 0.56668 0.605741 0.0442252 0.0988286 0.516136
0 0.698313 0.525001 0.0482829 0.0339888 0.340364
1 0.473337 0.134416 0.0978582 0.137331 0.867542
0 0.602809 0.147374 0.0561399 0.061501 0.778283
0 0.738097 0.807584 0.0413101 0.0746233 0.758277
1 0.493768 0.0462198 0.049354 0.0755557 0.721786
0 0.717021 0.81996 0.0303196 0.0624889 0.716635
0 0.578587 0.0627529 0.0378868 0.0467723 0.705041
0 0.621998 0.433421 0.0727728 0.100104 0.695887
0 0.587046 0.0299596 0.0535675 0.0291404 0.631574
1 0.56668 0.605741 0.0442252 0.0988286 0.516136
0 0.698313 0.525001 0.0482829 0.0339888 0.340364
1 0.473337 0.134416 0.0978582 0.137331 0.867542
0 0.602809 0.147374 0.0561399 0.061501 0.778283
0 0.738097 0.807584 0.0413101 0.0746233 0.758277
1 0.493768 0.0462198 0.049354 0.0755557 0.721786
0 0.717021 0.81996 0.0303196 0.0624889 0.716635
0 0.578587 0.0627529 0.0378868 0.0467723 0.705041
0 0.621998 0.433421 0.0727728 0.100104 0.695887
0 0.587046 0.0299596 0.0535675 0.0291404 0.631574
1 0.56668 0.605741 0.0442252 0.0988286 0.516136
0 0.698313 0.525001 0.0482829 0.0339888 0.340364
