1 0.583678 0.62015 0.0390781 0.0691458 0.732319
1 0.307495 0.365276 0.0209336 0.0394972 0.679102
1 0.314742 0.399822 0.0234067 0.03677 0.541159
0 0.0592027 0.505249 0.0339466 0.0563545 0.326155
0 0.548818 0.429413 0.0237103 0.040004 0.320723
1 0.583707 0.620192 0.0396153 0.0694134 0.726369
1 0.307888 0.365351 0.0215638 0.039609 0.675051
1 0.314762 0.399764 0.0233635 0.0365098 0.567698
0 0.548817 0.429327 0.0239071 0.0400062 0.381892
0 0.322465 0.310792 0.0191173 0.0355695 0.303075
2 0.0595237 0.505427 0.0349844 0.0569777 0.278975
0 0.0592786 0.505464 0.0348341 0.0572907 0.266156
1 0.583707 0.620192 0.0396153 0.0694134 0.726369
1 0.307888 0.365351 0.0215638 0.039609 0.675051
1 0.314762 0.399764 0.0233635 0.0365098 0.567698
0 0.548817 0.429327 0.0239071 0.0400062 0.381892
0 0.322465 0.310792 0.0191173 0.0355695 0.303075
2 0.0595237 0.505427 0.0349844 0.0569777 0.278975
0 0.0592786 0.505464 0.0348341 0.0572907 0.266156
1 0.583707 0.620192 0.0396153 0.0694134 0.726369
1 0.307888 0.365351 0.0215638 0.039609 0.675051
1 0.314762 0.399764 0.0233635 0.0365098 0.567698
0 0.548817 0.429327 0.0239071 0.0400062 0.381892
0 0.322465 0.310792 0.0191173 0.0355695 0.303075
2 0.0595237 0.505427 0.0349844 0.0569777 0.278975
0 0.0592786 0.505464 0.0348341 0.0572907 0.266156
