0 0.334395 0.451498 0.0553762 0.0863924 0.673879
0 0.608307 0.404063 0.0483134 0.110214 0.655907
0 0.458613 0.844905 0.0230822 0.0378202 0.652393
0 0.499204 0.834145 0.0272831 0.0416598 0.620587
0 0.449744 0.898476 0.0322491 0.0239311 0.458905
0 0.0372948 0.832183 0.0216366 0.0435105 0.397898
0 0.318251 0.450069 0.0247952 0.0715317 0.313617
0 0.608172 0.40388 0.0479682 0.110496 0.682353
0 0.334207 0.450886 0.0560463 0.0877106 0.64586
0 0.458637 0.844926 0.0229565 0.037376 0.623926
0 0.499216 0.834215 0.027107 0.041286 0.589977
0 0.449808 0.898686 0.0325075 0.0243279 0.438652
0 0.0373335 0.832082 0.0212156 0.0428378 0.430603
0 0.318737 0.450551 0.0262334 0.0745568 0.334074
0 0.608172 0.40388 0.0479682 0.110496 0.682353
0 0.334207 0.450886 0.0560463 0.0877106 0.64586
0 0.458637 0.844926 0.0229565 0.037376 0.623926
0 0.499216 0.834215 0.027107 0.041286 0.589977
0 0.449808 0.898686 0.0325075 0.0243279 0.438652
0 0.0373335 0.832082 0.0212156 0.0428378 0.430603
0 0.318737 0.450551 0.0262334 0.0745568 0.334074
0 0.608172 0.40388 0.0479682 0.110496 0.682353
0 0.334207 0.450886 0.0560463 0.0877106 0.64586
0 0.458637 0.844926 0.0229565 0.037376 0.623926
0 0.499216 0.834215 0.027107 0.041286 0.589977
0 0.449808 0.898686 0.0325075 0.0243279 0.438652
0 0.0373335 0.832082 0.0212156 0.0428378 0.430603
0 0.318737 0.450551 0.0262334 0.0745568 0.334074
