1 0.65222 0.417853 0.0607787 0.140294 0.781047
2 0.688538 0.372216 0.0563 0.0839527 0.569043
0 0.715168 0.912464 0.030089 0.0339257 0.36163
1 0.652165 0.418043 0.0616891 0.141453 0.766754
2 0.688662 0.372436 0.0569889 0.0853768 0.548068
0 0.715588 0.912626 0.0300922 0.0333773 0.340618
1 0.581772 0.837312 0.0203537 0.0335999 0.303391
3 0.561788 0.413958 0.0548399 0.0941043 0.261393
1 0.715452 0.912839 0.0290936 0.0328519 0.25509
1 0.652165 0.418043 0.0616891 0.141453 0.766754
2 0.688662 0.372436 0.0569889 0.0853768 0.548068
0 0.715588 0.912626 0.0300922 0.0333773 0.340618
1 0.581772 0.837312 0.0203537 0.0335999 0.303391
3 0.561788 0.413958 0.0548399 0.0941043 0.261393
1 0.715452 0.912839 0.0290936 0.0328519 0.25509
1 0.652165 0.418043 0.0616891 0.141453 0.766754
2 0.688662 0.372436 0.0569889 0.0853768 0.548068
0 0.715588 0.912626 0.0300922 0.0333773 0.340618
1 0.581772 0.837312 0.0203537 0.0335999 0.303391
3 0.561788 0.413958 0.0548399 0.0941043 0.261393
1 0.715452 0.912839 0.0290936 0.0328519 0.25509
