1 0.504941 0.618832 0.0751802 0.150813 0.826686
0 0.654069 0.258657 0.0640216 0.0823734 0.501696
1 0.653842 0.257262 0.0639289 0.0811595 0.403427
1 0.504977 0.618569 0.0750995 0.151775 0.821002
0 0.654094 0.2588 0.0643562 0.0831188 0.512398
1 0.653767 0.257327 0.0646313 0.0822103 0.395237
1 0.504977 0.618569 0.0750995 0.151775 0.821002
0 0.654094 0.2588 0.0643562 0.0831188 0.512398
1 0.653767 0.257327 0.0646313 0.0822103 0.395237
1 0.504977 0.618569 0.0750995 0.151775 0.821002
0 0.654094 0.2588 0.0643562 0.0831188 0.512398
1 0.653767 0.257327 0.0646313 0.0822103 0.395237
