1 0.676494 0.737511 0.0376972 0.0601455 0.905702
1 0.612726 0.743518 0.0414976 0.0575765 0.887761
1 0.493949 0.0382223 0.0331711 0.0566541 0.876545
1 0.639973 0.247963 0.0573371 0.0447014 0.809003
0 0.576325 0.191869 0.0282654 0.0337021 0.80314
1 0.619532 0.16191 0.0388899 0.0413952 0.797201
0 0.657195 0.0830152 0.0203931 0.0389806 0.771305
1 0.519673 0.115011 0.0345652 0.0529793 0.757871
1 0.524658 0.0247896 0.0400539 0.046729 0.738094
1 0.710129 0.342596 0.0293233 0.0528255 0.713434
0 0.581621 0.312415 0.0258398 0.0304837 0.705778
0 0.544051 0.0965032 0.0292606 0.0358895 0.703534
1 0.579076 0.11446 0.046702 0.0636601 0.700484
1 0.571602 0.39938 0.0282535 0.0450865 0.651355
1 0.601671 0.605518 0.0223673 0.0600379 0.645403
0 0.6431 0.0633315 0.0145643 0.015235 0.591186
0 0.573731 0.234046 0.0142251 0.0320113 0.515132
1 0.31991 0.0250043 0.0347182 0.0498349 0.477026
0 0.651617 0.215559 0.0239737 0.0308472 0.466588
0 0.987508 0.0112756 0.0238619 0.0225511 0.408007
0 0.611589 0.221228 0.0172771 0.025674 0.401469
0 0.319844 0.0248356 0.0340389 0.0491818 0.400605
0 0.746739 0.278721 0.0194803 0.0177347 0.398272
1 0.676528 0.737499 0.0377842 0.0602472 0.905658
1 0.612726 0.743507 0.0414997 0.0575418 0.885987
1 0.493947 0.0380965 0.0330437 0.0565979 0.883195
1 0.619515 0.161907 0.0388142 0.0412874 0.806448
1 0.639994 0.247949 0.0574802 0.0446875 0.806377
0 0.576328 0.19187 0.0281373 0.0335461 0.796711
1 0.524224 0.0241896 0.0400696 0.0467822 0.788239
1 0.519693 0.115093 0.0344561 0.0526467 0.773401
0 0.657218 0.083068 0.0204487 0.0388846 0.756992
1 0.710177 0.342596 0.0294374 0.0528506 0.737341
0 0.544045 0.0964934 0.0292969 0.0356846 0.696274
0 0.581625 0.312425 0.0257355 0.0303078 0.695991
1 0.571619 0.399298 0.0281382 0.0449244 0.694974
1 0.579069 0.114407 0.0466799 0.0633604 0.685127
1 0.601649 0.605474 0.0221134 0.059889 0.660177
1 0.319938 0.0244974 0.0338317 0.0475851 0.577827
0 0.64305 0.0634597 0.014473 0.0147729 0.568229
0 0.573744 0.234058 0.0143015 0.0321251 0.509206
0 0.651614 0.215552 0.0240034 0.0308471 0.419078
0 0.611636 0.221352 0.017272 0.02571 0.400119
0 0.746715 0.278848 0.0195608 0.0178604 0.382561
0 0.987213 0.0119332 0.0243343 0.0228903 0.255337
1 0.676528 0.737499 0.0377842 0.0602472 0.905658
1 0.612726 0.743507 0.0414997 0.0575418 0.885987
1 0.493947 0.0380965 0.0330437 0.0565979 0.883195
1 0.619515 0.161907 0.0388142 0.0412874 0.806448
1 0.639994 0.247949 0.0574802 0.0446875 0.806377
0 0.576328 0.19187 0.0281373 0.0335461 0.796711
1 0.524224 0.0241896 0.0400696 0.0467822 0.788239
1 0.519693 0.115093 0.0344561 0.0526467 0.773401
0 0.657218 0.083068 0.0204487 0.0388846 0.756992
1 0.710177 0.342596 0.0294374 0.0528506 0.737341
0 0.544045 0.0964934 0.0292969 0.0356846 0.696274
0 0.581625 0.312425 0.0257355 0.0303078 0.695991
1 0.571619 0.399298 0.0281382 0.0449244 0.694974
1 0.579069 0.114407 0.0466799 0.0633604 0.685127
1 0.601649 0.605474 0.0221134 0.059889 0.660177
1 0.319938 0.0244974 0.0338317 0.0475851 0.577827
0 0.64305 0.0634597 0.014473 0.0147729 0.568229
0 0.573744 0.234058 0.0143015 0.0321251 0.509206
0 0.651614 0.215552 0.0240034 0.0308471 0.419078
0 0.611636 0.221352 0.017272 0.02571 0.400119
0 0.746715 0.278848 0.0195608 0.0178604 0.382561
0 0.987213 0.0119332 0.0243343 0.0228903 0.255337
1 0.676528 0.737499 0.0377842 0.0602472 0.905658
1 0.612726 0.743507 0.0414997 0.0575418 0.885987
1 0.493947 0.0380965 0.0330437 0.0565979 0.883195
1 0.619515 0.161907 0.0388142 0.0412874 0.806448
1 0.639994 0.247949 0.0574802 0.0446875 0.806377
0 0.576328 0.19187 0.0281373 0.0335461 0.796711
1 0.524224 0.0241896 0.0400696 0.0467822 0.788239
1 0.519693 0.115093 0.0344561 0.0526467 0.773401
0 0.657218 0.083068 0.0204487 0.0388846 0.756992
1 0.710177 0.342596 0.0294374 0.0528506 0.737341
0 0.544045 0.0964934 0.0292969 0.0356846 0.696274
0 0.581625 0.312425 0.0257355 0.0303078 0.695991
1 0.571619 0.399298 0.0281382 0.0449244 0.694974
1 0.579069 0.114407 0.0466799 0.0633604 0.685127
1 0.601649 0.605474 0.0221134 0.059889 0.660177
1 0.319938 0.0244974 0.0338317 0.0475851 0.577827
0 0.64305 0.0634597 0.014473 0.0147729 0.568229
0 0.573744 0.234058 0.0143015 0.0321251 0.509206
0 0.651614 0.215552 0.0240034 0.0308471 0.419078
0 0.611636 0.221352 0.017272 0.02571 0.400119
0 0.746715 0.278848 0.0195608 0.0178604 0.382561
0 0.987213 0.0119332 0.0243343 0.0228903 0.255337
