3 0.306317 0.571199 0.0599104 0.100688 0.822584
1 0.0844349 0.761067 0.0328455 0.058601 0.779911
1 0.0782397 0.648516 0.0313531 0.0547215 0.764427
1 0.135017 0.906967 0.0312235 0.0517233 0.654755
1 0.0627599 0.79575 0.024315 0.0452032 0.550211
3 0.288724 0.73729 0.0205825 0.0396069 0.493759
1 0.704124 0.75596 0.0151894 0.0233582 0.320624
0 0.559488 0.78287 0.0184658 0.0288337 0.301644
3 0.30609 0.570997 0.05946 0.10178 0.82086
1 0.0844156 0.760949 0.0325381 0.0586515 0.781068
1 0.0781038 0.648782 0.0309956 0.0549324 0.770135
1 0.135069 0.907097 0.0319571 0.0520633 0.63401
1 0.062827 0.795777 0.0239898 0.0451293 0.539296
3 0.288775 0.737323 0.0200069 0.0392559 0.510648
1 0.70403 0.755933 0.015219 0.0229286 0.310307
0 0.559484 0.782936 0.0179189 0.0280122 0.266287
3 0.30609 0.570997 0.05946 0.10178 0.82086
1 0.0844156 0.760949 0.0325381 0.0586515 0.781068
1 0.0781038 0.648782 0.0309956 0.0549324 0.770135
1 0.135069 0.907097 0.0319571 0.0520633 0.63401
1 0.062827 0.795777 0.0239898 0.0451293 0.539296
3 0.288775 0.737323 0.0200069 0.0392559 0.510648
1 0.70403 0.755933 0.015219 0.0229286 0.310307
0 0.559484 0.782936 0.0179189 0.0280122 0.266287
3 0.30609 0.570997 0.05946 0.10178 0.82086
1 0.0844156 0.760949 0.0325381 0.0586515 0.781068
1 0.0781038 0.648782 0.0309956 0.0549324 0.770135
1 0.135069 0.907097 0.0319571 0.0520633 0.63401
1 0.062827 0.795777 0.0239898 0.0451293 0.539296
3 0.288775 0.737323 0.0200069 0.0392559 0.510648
1 0.70403 0.755933 0.015219 0.0229286 0.310307
0 0.559484 0.782936 0.0179189 0.0280122 0.266287
