3 0.539775 0.358242 0.0490517 0.0596181 0.904917
4 0.238666 0.489028 0.473134 0.965656 0.893566
3 0.486579 0.359288 0.030561 0.0526699 0.869902
3 0.574355 0.895183 0.044878 0.0628845 0.817375
3 0.539785 0.358306 0.0490892 0.0598581 0.904599
4 0.237465 0.499811 0.469633 0.976168 0.877437
3 0.486637 0.35938 0.0305401 0.0526147 0.866508
3 0.574325 0.895367 0.0446648 0.0627014 0.810925
3 0.539785 0.358306 0.0490892 0.0598581 0.904599
4 0.237465 0.499811 0.469633 0.976168 0.877437
3 0.486637 0.35938 0.0305401 0.0526147 0.866508
3 0.574325 0.895367 0.0446648 0.0627014 0.810925
3 0.539785 0.358306 0.0490892 0.0598581 0.904599
4 0.237465 0.499811 0.469633 0.976168 0.877437
3 0.486637 0.35938 0.0305401 0.0526147 0.866508
3 0.574325 0.895367 0.0446648 0.0627014 0.810925
