1 0.77767 0.10939 0.0766777 0.139724 0.837592
0 0.638559 0.650003 0.0371577 0.0424713 0.791872
0 0.805507 0.407193 0.0399883 0.0512068 0.760865
0 0.7199 0.79774 0.0355881 0.0300712 0.716566
0 0.546662 0.624253 0.0306955 0.0286176 0.711992
0 0.382478 0.512087 0.042531 0.0364302 0.688469
0 0.492761 0.743156 0.0504864 0.0666471 0.61738
0 0.617117 0.900204 0.0377253 0.0656251 0.525373
0 0.623096 0.101804 0.0404761 0.0796871 0.469552
1 0.492289 0.742708 0.0503536 0.0696341 0.444698
1 0.373142 0.595837 0.028696 0.0340829 0.338053
1 0.778057 0.109483 0.0778876 0.141036 0.831526
0 0.638588 0.65002 0.0369956 0.0423147 0.790474
0 0.805475 0.407122 0.0399868 0.0514754 0.755939
0 0.719927 0.797808 0.0354151 0.0300779 0.725884
0 0.546955 0.624647 0.0300068 0.0281081 0.711184
0 0.382203 0.5113 0.0411353 0.0353498 0.673324
0 0.492757 0.743207 0.0504136 0.0665736 0.620758
0 0.617091 0.900172 0.0379725 0.0657443 0.508655
1 0.492278 0.742694 0.0502691 0.0696305 0.441245
0 0.623081 0.101734 0.0413786 0.0805667 0.342604
0 0.374276 0.53693 0.0256875 0.0317496 0.330049
0 0.373322 0.595837 0.0280571 0.033797 0.301312
1 0.623265 0.101807 0.0404236 0.0795243 0.294783
1 0.373122 0.595701 0.0286329 0.0336247 0.275899
1 0.778057 0.109483 0.0778876 0.141036 0.831526
0 0.638588 0.65002 0.0369956 0.0423147 0.790474
0 0.805475 0.407122 0.0399868 0.0514754 0.755939
0 0.719927 0.797808 0.0354151 0.0300779 0.725884
0 0.546955 0.624647 0.0300068 0.0281081 0.711184
0 0.382203 0.5113 0.0411353 0.0353498 0.673324
0 0.492757 0.743207 0.0504136 0.0665736 0.620758
0 0.617091 0.900172 0.0379725 0.0657443 0.508655
1 0.492278 0.742694 0.0502691 0.0696305 0.441245
0 0.623081 0.101734 0.0413786 0.0805667 0.342604
0 0.374276 0.53693 0.0256875 0.0317496 0.330049
0 0.373322 0.595837 0.0280571 0.033797 0.301312
1 0.623265 0.101807 0.0404236 0.0795243 0.294783
1 0.373122 0.595701 0.0286329 0.0336247 0.275899
1 0.778057 0.109483 0.0778876 0.141036 0.831526
0 0.638588 0.65002 0.0369956 0.0423147 0.790474
0 0.805475 0.407122 0.0399868 0.0514754 0.755939
0 0.719927 0.797808 0.0354151 0.0300779 0.725884
0 0.546955 0.624647 0.0300068 0.0281081 0.711184
0 0.382203 0.5113 0.0411353 0.0353498 0.673324
0 0.492757 0.743207 0.0504136 0.0665736 0.620758
0 0.617091 0.900172 0.0379725 0.0657443 0.508655
1 0.492278 0.742694 0.0502691 0.0696305 0.441245
0 0.623081 0.101734 0.0413786 0.0805667 0.342604
0 0.374276 0.53693 0.0256875 0.0317496 0.330049
0 0.373322 0.595837 0.0280571 0.033797 0.301312
1 0.623265 0.101807 0.0404236 0.0795243 0.294783
1 0.373122 0.595701 0.0286329 0.0336247 0.275899
