1 0.563412 0.328127 0.0453001 0.0793016 0.826027
1 0.534952 0.249294 0.0424238 0.0738725 0.818321
0 0.691603 0.508497 0.0148362 0.03019 0.519096
0 0.679518 0.50152 0.0142757 0.0243253 0.443853
0 0.780586 0.372413 0.0157387 0.0217198 0.435491
2 0.678226 0.549989 0.0156054 0.0329381 0.389613
1 0.563437 0.328223 0.0456306 0.0791 0.825194
1 0.53478 0.249275 0.0429132 0.0740186 0.804119
0 0.691583 0.508522 0.014736 0.0302857 0.51079
0 0.679505 0.501519 0.0141666 0.0243143 0.433892
0 0.780474 0.372379 0.015768 0.0218108 0.408533
2 0.678197 0.549991 0.0156698 0.032911 0.401168
1 0.563437 0.328223 0.0456306 0.0791 0.825194
1 0.53478 0.249275 0.0429132 0.0740186 0.804119
0 0.691583 0.508522 0.014736 0.0302857 0.51079
0 0.679505 0.501519 0.0141666 0.0243143 0.433892
0 0.780474 0.372379 0.015768 0.0218108 0.408533
2 0.678197 0.549991 0.0156698 0.032911 0.401168
1 0.563437 0.328223 0.0456306 0.0791 0.825194
1 0.53478 0.249275 0.0429132 0.0740186 0.804119
0 0.691583 0.508522 0.014736 0.0302857 0.51079
0 0.679505 0.501519 0.0141666 0.0243143 0.433892
0 0.780474 0.372379 0.015768 0.0218108 0.408533
2 0.678197 0.549991 0.0156698 0.032911 0.401168
