0 0.79488 0.358195 0.0172751 0.0410335 0.697589
2 0.921716 0.386556 0.0157658 0.026105 0.501718
0 0.115088 0.060003 0.0323514 0.0544064 0.472164
2 0.647411 0.368962 0.018948 0.0310575 0.443441
0 0.0478226 0.0791225 0.0236784 0.0484197 0.411167
1 0.866948 0.461877 0.0169296 0.0315653 0.329872
0 0.7948 0.358229 0.0167886 0.0405399 0.703983
2 0.921726 0.386552 0.0158459 0.0260514 0.494878
0 0.114972 0.0606286 0.034745 0.0541581 0.457096
2 0.647335 0.369108 0.0186138 0.0306176 0.428794
0 0.048033 0.0791092 0.0240727 0.049681 0.399897
0 0.21809 0.071731 0.0251682 0.042949 0.368269
1 0.867018 0.461988 0.0167938 0.0316024 0.279997
0 0.7948 0.358229 0.0167886 0.0405399 0.703983
2 0.921726 0.386552 0.0158459 0.0260514 0.494878
0 0.114972 0.0606286 0.034745 0.0541581 0.457096
2 0.647335 0.369108 0.0186138 0.0306176 0.428794
0 0.048033 0.0791092 0.0240727 0.049681 0.399897
0 0.21809 0.071731 0.0251682 0.042949 0.368269
1 0.867018 0.461988 0.0167938 0.0316024 0.279997
0 0.7948 0.358229 0.0167886 0.0405399 0.703983
2 0.921726 0.386552 0.0158459 0.0260514 0.494878
0 0.114972 0.0606286 0.034745 0.0541581 0.457096
2 0.647335 0.369108 0.0186138 0.0306176 0.428794
0 0.048033 0.0791092 0.0240727 0.049681 0.399897
0 0.21809 0.071731 0.0251682 0.042949 0.368269
1 0.867018 0.461988 0.0167938 0.0316024 0.279997
