4 0.431828 0.776816 0.59556 0.43986 0.935098
4 0.925316 0.130318 0.149368 0.257321 0.843153
4 0.422921 0.152692 0.247462 0.303099 0.841244
4 0.628466 0.418492 0.510921 0.484943 0.66246
4 0.657225 0.156606 0.315219 0.286243 0.624309
4 0.0469119 0.379729 0.0935781 0.243031 0.602848
4 0.0583925 0.929125 0.116785 0.14175 0.507038
4 0.43171 0.779376 0.592497 0.441249 0.902419
4 0.423953 0.155918 0.248276 0.307544 0.84739
4 0.925331 0.1304 0.149338 0.257125 0.839443
4 0.628909 0.34387 0.50962 0.648442 0.675341
4 0.0471624 0.378932 0.0941303 0.243075 0.604708
4 0.65699 0.163742 0.315394 0.28468 0.551894
4 0.0584008 0.930091 0.116802 0.139819 0.482449
4 0.43171 0.779376 0.592497 0.441249 0.902419
4 0.423953 0.155918 0.248276 0.307544 0.84739
4 0.925331 0.1304 0.149338 0.257125 0.839443
4 0.628909 0.34387 0.50962 0.648442 0.675341
4 0.0471624 0.378932 0.0941303 0.243075 0.604708
4 0.65699 0.163742 0.315394 0.28468 0.551894
4 0.0584008 0.930091 0.116802 0.139819 0.482449
4 0.43171 0.779376 0.592497 0.441249 0.902419
4 0.423953 0.155918 0.248276 0.307544 0.84739
4 0.925331 0.1304 0.149338 0.257125 0.839443
4 0.628909 0.34387 0.50962 0.648442 0.675341
4 0.0471624 0.378932 0.0941303 0.243075 0.604708
4 0.65699 0.163742 0.315394 0.28468 0.551894
4 0.0584008 0.930091 0.116802 0.139819 0.482449
