2 0.341269 0.614557 0.085222 0.107619 0.846546
0 0.164015 0.408362 0.0617043 0.123695 0.841963
0 0.13167 0.569654 0.075866 0.151598 0.841535
2 0.339926 0.70934 0.0693586 0.113854 0.839874
0 0.109092 0.371631 0.0759363 0.145584 0.836613
2 0.183916 0.784171 0.10017 0.209096 0.829752
0 0.267876 0.785443 0.0558212 0.0904001 0.822448
0 0.274927 0.707319 0.102109 0.152515 0.817891
2 0.188236 0.0988176 0.105452 0.14018 0.80259
0 0.519068 0.444152 0.0441858 0.0763172 0.797986
0 0.47445 0.488818 0.0410454 0.0523339 0.716406
