0 0.943778 0.460561 0.0453533 0.0623864 0.854383
2 0.425233 0.719071 0.0306032 0.0734865 0.798557
2 0.453534 0.719269 0.0285946 0.0517398 0.789798
0 0.63083 0.352591 0.0477246 0.0316911 0.761803
2 0.408908 0.814652 0.0247812 0.0548086 0.759318
0 0.665098 0.453944 0.034271 0.059312 0.742545
2 0.436496 0.773825 0.0199924 0.0333828 0.611667
2 0.438766 0.795606 0.024327 0.0422823 0.325461
0 0.943827 0.460694 0.0454018 0.0626277 0.851113
2 0.425259 0.719117 0.0306011 0.0734335 0.797659
2 0.453544 0.719265 0.028583 0.0516954 0.794613
2 0.408913 0.814721 0.0247394 0.0547603 0.77214
0 0.630752 0.352587 0.0479704 0.0316965 0.765338
0 0.665156 0.453777 0.0346461 0.0598001 0.735683
2 0.436461 0.773844 0.0199748 0.033409 0.62489
2 0.438651 0.796204 0.023925 0.0409553 0.340507
0 0.943827 0.460694 0.0454018 0.0626277 0.851113
2 0.425259 0.719117 0.0306011 0.0734335 0.797659
2 0.453544 0.719265 0.028583 0.0516954 0.794613
2 0.408913 0.814721 0.0247394 0.0547603 0.77214
0 0.630752 0.352587 0.0479704 0.0316965 0.765338
0 0.665156 0.453777 0.0346461 0.0598001 0.735683
2 0.436461 0.773844 0.0199748 0.033409 0.62489
2 0.438651 0.796204 0.023925 0.0409553 0.340507
0 0.943827 0.460694 0.0454018 0.0626277 0.851113
2 0.425259 0.719117 0.0306011 0.0734335 0.797659
2 0.453544 0.719265 0.028583 0.0516954 0.794613
2 0.408913 0.814721 0.0247394 0.0547603 0.77214
0 0.630752 0.352587 0.0479704 0.0316965 0.765338
0 0.665156 0.453777 0.0346461 0.0598001 0.735683
2 0.436461 0.773844 0.0199748 0.033409 0.62489
2 0.438651 0.796204 0.023925 0.0409553 0.340507
