1 0.346854 0.339708 0.040854 0.0663453 0.852401
1 0.308592 0.32942 0.0424984 0.0836645 0.851778
1 0.455346 0.563406 0.0718935 0.0875068 0.835127
3 0.29258 0.293841 0.0465205 0.0773206 0.771492
1 0.11374 0.280634 0.0434038 0.0487372 0.332353
1 0.346823 0.339637 0.0409161 0.0666917 0.851995
1 0.308617 0.329367 0.0424554 0.0839632 0.851196
1 0.45554 0.563332 0.07228 0.0869523 0.803359
3 0.292536 0.293885 0.0464277 0.0774387 0.777125
1 0.113634 0.280721 0.043539 0.0489245 0.468934
1 0.346823 0.339637 0.0409161 0.0666917 0.851995
1 0.308617 0.329367 0.0424554 0.0839632 0.851196
1 0.45554 0.563332 0.07228 0.0869523 0.803359
3 0.292536 0.293885 0.0464277 0.0774387 0.777125
1 0.113634 0.280721 0.043539 0.0489245 0.468934
1 0.346823 0.339637 0.0409161 0.0666917 0.851995
1 0.308617 0.329367 0.0424554 0.0839632 0.851196
1 0.45554 0.563332 0.07228 0.0869523 0.803359
3 0.292536 0.293885 0.0464277 0.0774387 0.777125
1 0.113634 0.280721 0.043539 0.0489245 0.468934
