1 0.643885 0.596549 0.041981 0.0825001 0.77148
0 0.575305 0.68905 0.0278406 0.0637313 0.671759
1 0.600834 0.696311 0.034617 0.076012 0.647895
1 0.37905 0.421179 0.024855 0.0450153 0.545001
1 0.187521 0.388151 0.0194713 0.036687 0.525421
0 0.40823 0.388407 0.0295601 0.0416029 0.381114
0 0.393628 0.470553 0.0304682 0.0345606 0.36174
0 0.425175 0.586848 0.0248846 0.0335419 0.356482
1 0.25695 0.402714 0.0199575 0.0357835 0.317033
1 0.643852 0.596476 0.0406801 0.0812542 0.781075
0 0.575314 0.689325 0.0272823 0.0629242 0.668591
1 0.600599 0.696667 0.0337473 0.0749499 0.660588
1 0.379028 0.421159 0.0246629 0.0447038 0.52755
1 0.187482 0.388168 0.0198776 0.037095 0.496214
0 0.393601 0.470627 0.0304904 0.0344898 0.376041
0 0.425157 0.586915 0.0246714 0.0333991 0.364676
0 0.408141 0.388355 0.0296951 0.0416083 0.357081
1 0.256996 0.402646 0.0203969 0.0365863 0.268693
1 0.643852 0.596476 0.0406801 0.0812542 0.781075
0 0.575314 0.689325 0.0272823 0.0629242 0.668591
1 0.600599 0.696667 0.0337473 0.0749499 0.660588
1 0.379028 0.421159 0.0246629 0.0447038 0.52755
1 0.187482 0.388168 0.0198776 0.037095 0.496214
0 0.393601 0.470627 0.0304904 0.0344898 0.376041
0 0.425157 0.586915 0.0246714 0.0333991 0.364676
0 0.408141 0.388355 0.0296951 0.0416083 0.357081
1 0.256996 0.402646 0.0203969 0.0365863 0.268693
1 0.643852 0.596476 0.0406801 0.0812542 0.781075
0 0.575314 0.689325 0.0272823 0.0629242 0.668591
1 0.600599 0.696667 0.0337473 0.0749499 0.660588
1 0.379028 0.421159 0.0246629 0.0447038 0.52755
1 0.187482 0.388168 0.0198776 0.037095 0.496214
0 0.393601 0.470627 0.0304904 0.0344898 0.376041
0 0.425157 0.586915 0.0246714 0.0333991 0.364676
0 0.408141 0.388355 0.0296951 0.0416083 0.357081
1 0.256996 0.402646 0.0203969 0.0365863 0.268693
