4 0.605659 0.695499 0.315746 0.439726 0.823855
4 0.236889 0.881318 0.472488 0.237365 0.807756
4 0.830536 0.816798 0.338777 0.358067 0.779879
4 0.164159 0.400882 0.328318 0.319658 0.727121
4 0.820819 0.42158 0.358361 0.238757 0.638139
4 0.606727 0.694897 0.317658 0.43785 0.855727
4 0.830868 0.807925 0.337422 0.358228 0.749134
4 0.163968 0.400496 0.327936 0.322385 0.740704
4 0.237029 0.880604 0.470674 0.234179 0.733043
4 0.818316 0.427821 0.363367 0.258149 0.66514
4 0.606727 0.694897 0.317658 0.43785 0.855727
4 0.830868 0.807925 0.337422 0.358228 0.749134
4 0.163968 0.400496 0.327936 0.322385 0.740704
4 0.237029 0.880604 0.470674 0.234179 0.733043
4 0.818316 0.427821 0.363367 0.258149 0.66514
4 0.606727 0.694897 0.317658 0.43785 0.855727
4 0.830868 0.807925 0.337422 0.358228 0.749134
4 0.163968 0.400496 0.327936 0.322385 0.740704
4 0.237029 0.880604 0.470674 0.234179 0.733043
4 0.818316 0.427821 0.363367 0.258149 0.66514
