0 0.427593 0.440073 0.0301037 0.0443388 0.848019
2 0.607285 0.869181 0.0259739 0.0396697 0.581707
3 0.8211 0.786392 0.0452812 0.0792518 0.544952
0 0.577006 0.609233 0.0356902 0.0348619 0.495508
0 0.427657 0.440115 0.0305376 0.0446636 0.850891
2 0.607331 0.869179 0.0261337 0.0397591 0.661224
3 0.82131 0.786584 0.0446823 0.079111 0.525683
0 0.577141 0.609198 0.0359552 0.0350276 0.430086
1 0.820885 0.786371 0.0457378 0.0801803 0.316826
0 0.4974 0.0945763 0.0243654 0.040584 0.277266
0 0.427657 0.440115 0.0305376 0.0446636 0.850891
2 0.607331 0.869179 0.0261337 0.0397591 0.661224
3 0.82131 0.786584 0.0446823 0.079111 0.525683
0 0.577141 0.609198 0.0359552 0.0350276 0.430086
1 0.820885 0.786371 0.0457378 0.0801803 0.316826
0 0.4974 0.0945763 0.0243654 0.040584 0.277266
0 0.427657 0.440115 0.0305376 0.0446636 0.850891
2 0.607331 0.869179 0.0261337 0.0397591 0.661224
3 0.82131 0.786584 0.0446823 0.079111 0.525683
0 0.577141 0.609198 0.0359552 0.0350276 0.430086
1 0.820885 0.786371 0.0457378 0.0801803 0.316826
0 0.4974 0.0945763 0.0243654 0.040584 0.277266
