1 0.547655 0.706188 0.030051 0.0652175 0.924447
1 0.636736 0.514609 0.0382335 0.0407414 0.883505
1 0.480894 0.612815 0.032597 0.0538464 0.87712
0 0.540384 0.683747 0.0346745 0.0370914 0.862746
1 0.580117 0.795208 0.0219134 0.0407185 0.847962
1 0.60841 0.61929 0.0181417 0.0532251 0.790597
1 0.547614 0.706245 0.0300671 0.0649668 0.926982
1 0.636701 0.514629 0.0381837 0.0406861 0.885956
1 0.480928 0.612859 0.0323544 0.0534475 0.882303
0 0.540439 0.683723 0.0344639 0.0367857 0.863678
1 0.580137 0.795204 0.0219196 0.0406372 0.852877
1 0.608408 0.619289 0.0182154 0.0532282 0.789462
1 0.547614 0.706245 0.0300671 0.0649668 0.926982
1 0.636701 0.514629 0.0381837 0.0406861 0.885956
1 0.480928 0.612859 0.0323544 0.0534475 0.882303
0 0.540439 0.683723 0.0344639 0.0367857 0.863678
1 0.580137 0.795204 0.0219196 0.0406372 0.852877
1 0.608408 0.619289 0.0182154 0.0532282 0.789462
1 0.547614 0.706245 0.0300671 0.0649668 0.926982
1 0.636701 0.514629 0.0381837 0.0406861 0.885956
1 0.480928 0.612859 0.0323544 0.0534475 0.882303
0 0.540439 0.683723 0.0344639 0.0367857 0.863678
1 0.580137 0.795204 0.0219196 0.0406372 0.852877
1 0.608408 0.619289 0.0182154 0.0532282 0.789462
