1 0.912471 0.946125 0.0901194 0.106564 0.843738
1 0.936771 0.0711829 0.102495 0.138089 0.811863
1 0.571899 0.150604 0.042213 0.0743554 0.753323
1 0.513083 0.236733 0.0385893 0.0682298 0.711868
3 0.58246 0.836792 0.0309089 0.0574298 0.70361
3 0.646 0.0225808 0.0303927 0.0392996 0.678934
0 0.607874 0.737087 0.028673 0.0607279 0.65924
3 0.260117 0.0266443 0.0235664 0.0305023 0.588733
3 0.587885 0.650002 0.0444893 0.0777259 0.542784
1 0.252078 0.614684 0.0140954 0.0273456 0.494964
2 0.260393 0.68755 0.0157449 0.0255282 0.494781
1 0.240765 0.662065 0.0142827 0.0222508 0.480598
1 0.183054 0.61727 0.014444 0.0206781 0.452639
0 0.336967 0.0562982 0.0338194 0.0484878 0.44589
1 0.337171 0.0562713 0.03307 0.0489215 0.40267
2 0.276696 0.734531 0.0126517 0.019834 0.308374
1 0.913134 0.946153 0.0919407 0.107694 0.836037
1 0.93667 0.071038 0.103396 0.138597 0.815118
1 0.572097 0.150684 0.0429181 0.0747758 0.759931
1 0.512471 0.236396 0.0381803 0.0683915 0.739515
3 0.5824 0.836941 0.0309149 0.057782 0.702164
0 0.60793 0.737091 0.0288594 0.0605766 0.661607
3 0.645725 0.0224041 0.0280771 0.0370923 0.653278
3 0.587871 0.650291 0.0448306 0.0780011 0.518375
2 0.260358 0.687506 0.0157712 0.0254869 0.495223
1 0.240762 0.662024 0.0143394 0.0223374 0.492831
1 0.252085 0.614611 0.014161 0.0273367 0.48711
3 0.260227 0.026984 0.0237284 0.0300255 0.460997
1 0.18304 0.617251 0.0144327 0.0205637 0.440242
0 0.337015 0.0562048 0.0342321 0.0490471 0.427577
1 0.33722 0.0562718 0.0338882 0.0493337 0.341844
2 0.276657 0.734555 0.0128983 0.0200907 0.318852
0 0.576854 0.590945 0.0304187 0.0441486 0.29878
1 0.25097 0.653324 0.0143916 0.0233884 0.28115
1 0.268055 0.633408 0.0138966 0.0207818 0.256834
1 0.913134 0.946153 0.0919407 0.107694 0.836037
1 0.93667 0.071038 0.103396 0.138597 0.815118
1 0.572097 0.150684 0.0429181 0.0747758 0.759931
1 0.512471 0.236396 0.0381803 0.0683915 0.739515
3 0.5824 0.836941 0.0309149 0.057782 0.702164
0 0.60793 0.737091 0.0288594 0.0605766 0.661607
3 0.645725 0.0224041 0.0280771 0.0370923 0.653278
3 0.587871 0.650291 0.0448306 0.0780011 0.518375
2 0.260358 0.687506 0.0157712 0.0254869 0.495223
1 0.240762 0.662024 0.0143394 0.0223374 0.492831
1 0.252085 0.614611 0.014161 0.0273367 0.48711
3 0.260227 0.026984 0.0237284 0.0300255 0.460997
1 0.18304 0.617251 0.0144327 0.0205637 0.440242
0 0.337015 0.0562048 0.0342321 0.0490471 0.427577
1 0.33722 0.0562718 0.0338882 0.0493337 0.341844
2 0.276657 0.734555 0.0128983 0.0200907 0.318852
0 0.576854 0.590945 0.0304187 0.0441486 0.29878
1 0.25097 0.653324 0.0143916 0.0233884 0.28115
1 0.268055 0.633408 0.0138966 0.0207818 0.256834
1 0.913134 0.946153 0.0919407 0.107694 0.836037
1 0.93667 0.071038 0.103396 0.138597 0.815118
1 0.572097 0.150684 0.0429181 0.0747758 0.759931
1 0.512471 0.236396 0.0381803 0.0683915 0.739515
3 0.5824 0.836941 0.0309149 0.057782 0.702164
0 0.60793 0.737091 0.0288594 0.0605766 0.661607
3 0.645725 0.0224041 0.0280771 0.0370923 0.653278
3 0.587871 0.650291 0.0448306 0.0780011 0.518375
2 0.260358 0.687506 0.0157712 0.0254869 0.495223
1 0.240762 0.662024 0.0143394 0.0223374 0.492831
1 0.252085 0.614611 0.014161 0.0273367 0.48711
3 0.260227 0.026984 0.0237284 0.0300255 0.460997
1 0.18304 0.617251 0.0144327 0.0205637 0.440242
0 0.337015 0.0562048 0.0342321 0.0490471 0.427577
1 0.33722 0.0562718 0.0338882 0.0493337 0.341844
2 0.276657 0.734555 0.0128983 0.0200907 0.318852
0 0.576854 0.590945 0.0304187 0.0441486 0.29878
1 0.25097 0.653324 0.0143916 0.0233884 0.28115
1 0.268055 0.633408 0.0138966 0.0207818 0.256834
