1 0.259428 0.94909 0.0309077 0.0509122 0.617198
4 0.313923 0.614697 0.339565 0.442189 0.41048
4 0.0959003 0.688248 0.191801 0.557432 0.327981
1 0.25927 0.949145 0.0337965 0.0533703 0.634382
4 0.313069 0.605732 0.337336 0.382385 0.422742
4 0.0951139 0.681067 0.190228 0.520054 0.335698
1 0.25927 0.949145 0.0337965 0.0533703 0.634382
4 0.313069 0.605732 0.337336 0.382385 0.422742
4 0.0951139 0.681067 0.190228 0.520054 0.335698
1 0.25927 0.949145 0.0337965 0.0533703 0.634382
4 0.313069 0.605732 0.337336 0.382385 0.422742
4 0.0951139 0.681067 0.190228 0.520054 0.335698
