0 0.737247 0.326628 0.056552 0.0892019 0.798888
0 0.630835 0.463361 0.0925293 0.0757965 0.774372
0 0.741823 0.411492 0.0630209 0.0734594 0.758178
0 0.701526 0.333634 0.0507872 0.0671301 0.748124
0 0.976936 0.422542 0.0458366 0.0489985 0.719047
1 0.778111 0.503051 0.0609304 0.0847717 0.67861
0 0.98586 0.51771 0.0282793 0.0598048 0.539853
0 0.568296 0.986594 0.0392499 0.0263118 0.453095
0 0.927846 0.544677 0.0195181 0.0299887 0.357636
0 0.737274 0.326346 0.0566257 0.0893254 0.792564
0 0.631001 0.463408 0.0925101 0.0763231 0.77682
0 0.741811 0.411627 0.0631026 0.0729882 0.756663
0 0.70159 0.333369 0.0508816 0.0674596 0.741332
0 0.976848 0.422472 0.0460373 0.0494117 0.72482
1 0.778122 0.502749 0.060425 0.0842489 0.673915
0 0.985879 0.517756 0.0282416 0.0601196 0.544705
0 0.927708 0.544522 0.01962 0.0300705 0.344806
0 0.568039 0.986335 0.039118 0.0268465 0.33077
1 0.712615 0.588024 0.0664027 0.0996603 0.325843
0 0.737274 0.326346 0.0566257 0.0893254 0.792564
0 0.631001 0.463408 0.0925101 0.0763231 0.77682
0 0.741811 0.411627 0.0631026 0.0729882 0.756663
0 0.70159 0.333369 0.0508816 0.0674596 0.741332
0 0.976848 0.422472 0.0460373 0.0494117 0.72482
1 0.778122 0.502749 0.060425 0.0842489 0.673915
0 0.985879 0.517756 0.0282416 0.0601196 0.544705
0 0.927708 0.544522 0.01962 0.0300705 0.344806
0 0.568039 0.986335 0.039118 0.0268465 0.33077
1 0.712615 0.588024 0.0664027 0.0996603 0.325843
0 0.737274 0.326346 0.0566257 0.0893254 0.792564
0 0.631001 0.463408 0.0925101 0.0763231 0.77682
0 0.741811 0.411627 0.0631026 0.0729882 0.756663
0 0.70159 0.333369 0.0508816 0.0674596 0.741332
0 0.976848 0.422472 0.0460373 0.0494117 0.72482
1 0.778122 0.502749 0.060425 0.0842489 0.673915
0 0.985879 0.517756 0.0282416 0.0601196 0.544705
0 0.927708 0.544522 0.01962 0.0300705 0.344806
0 0.568039 0.986335 0.039118 0.0268465 0.33077
1 0.712615 0.588024 0.0664027 0.0996603 0.325843
