3 0.615727 0.258665 0.0365356 0.056077 0.704969
2 0.533092 0.488829 0.0380453 0.0601255 0.537153
2 0.735649 0.271895 0.0317918 0.0414719 0.535538
3 0.615833 0.258622 0.0364197 0.0562752 0.697247
2 0.533173 0.488865 0.0377056 0.0595943 0.568984
2 0.735585 0.272054 0.0316288 0.0410279 0.540407
2 0.603841 0.0419748 0.0341881 0.0416169 0.29783
3 0.615833 0.258622 0.0364197 0.0562752 0.697247
2 0.533173 0.488865 0.0377056 0.0595943 0.568984
2 0.735585 0.272054 0.0316288 0.0410279 0.540407
2 0.603841 0.0419748 0.0341881 0.0416169 0.29783
3 0.615833 0.258622 0.0364197 0.0562752 0.697247
2 0.533173 0.488865 0.0377056 0.0595943 0.568984
2 0.735585 0.272054 0.0316288 0.0410279 0.540407
2 0.603841 0.0419748 0.0341881 0.0416169 0.29783
