1 0.404713 0.544312 0.0629773 0.0979279 0.840405
1 0.699282 0.846537 0.035083 0.0711687 0.76798
1 0.861302 0.596519 0.038728 0.0742551 0.762251
1 0.746298 0.930584 0.0355862 0.0735851 0.754955
0 0.790993 0.657554 0.0267387 0.0435958 0.669105
0 0.852196 0.78975 0.0292141 0.0543157 0.635385
1 0.645048 0.763201 0.0176481 0.0263331 0.464054
0 0.906381 0.71878 0.0211781 0.0255003 0.459778
1 0.404675 0.544396 0.0628069 0.0977781 0.843133
1 0.861175 0.596498 0.0381882 0.073434 0.766096
1 0.699311 0.846552 0.034972 0.0711587 0.76515
1 0.746407 0.930996 0.0351467 0.0738629 0.755988
0 0.791004 0.657734 0.0266698 0.0434991 0.672368
0 0.852145 0.789972 0.0292545 0.0537598 0.663172
0 0.906395 0.718837 0.0213604 0.0256989 0.516957
1 0.645065 0.76325 0.0178913 0.0267317 0.460455
1 0.0958372 0.763668 0.0180596 0.0331181 0.250998
1 0.404675 0.544396 0.0628069 0.0977781 0.843133
1 0.861175 0.596498 0.0381882 0.073434 0.766096
1 0.699311 0.846552 0.034972 0.0711587 0.76515
1 0.746407 0.930996 0.0351467 0.0738629 0.755988
0 0.791004 0.657734 0.0266698 0.0434991 0.672368
0 0.852145 0.789972 0.0292545 0.0537598 0.663172
0 0.906395 0.718837 0.0213604 0.0256989 0.516957
1 0.645065 0.76325 0.0178913 0.0267317 0.460455
1 0.0958372 0.763668 0.0180596 0.0331181 0.250998
1 0.404675 0.544396 0.0628069 0.0977781 0.843133
1 0.861175 0.596498 0.0381882 0.073434 0.766096
1 0.699311 0.846552 0.034972 0.0711587 0.76515
1 0.746407 0.930996 0.0351467 0.0738629 0.755988
0 0.791004 0.657734 0.0266698 0.0434991 0.672368
0 0.852145 0.789972 0.0292545 0.0537598 0.663172
0 0.906395 0.718837 0.0213604 0.0256989 0.516957
1 0.645065 0.76325 0.0178913 0.0267317 0.460455
1 0.0958372 0.763668 0.0180596 0.0331181 0.250998
