4 0.781378 0.20397 0.329945 0.276413 0.726783
4 0.408592 0.265554 0.305977 0.207203 0.671308
4 0.126505 0.259494 0.25301 0.440779 0.571264
4 0.77694 0.778184 0.442925 0.441127 0.43356
4 0.771861 0.204014 0.31522 0.275303 0.7427
4 0.409232 0.26556 0.30431 0.210529 0.652244
4 0.130249 0.264662 0.260498 0.442551 0.582048
4 0.776987 0.772817 0.443487 0.449466 0.452072
4 0.771861 0.204014 0.31522 0.275303 0.7427
4 0.409232 0.26556 0.30431 0.210529 0.652244
4 0.130249 0.264662 0.260498 0.442551 0.582048
4 0.776987 0.772817 0.443487 0.449466 0.452072
4 0.771861 0.204014 0.31522 0.275303 0.7427
4 0.409232 0.26556 0.30431 0.210529 0.652244
4 0.130249 0.264662 0.260498 0.442551 0.582048
4 0.776987 0.772817 0.443487 0.449466 0.452072
