1 0.375692 0.289394 0.0849198 0.188267 0.878671
1 0.298732 0.296612 0.0823612 0.197652 0.855281
1 0.642502 0.451535 0.0833638 0.179819 0.813085
1 0.768879 0.515578 0.0944967 0.187211 0.805323
1 0.95608 0.370333 0.0750407 0.142106 0.76383
1 0.965866 0.603592 0.066032 0.138112 0.66864
1 0.375649 0.290389 0.0849359 0.1884 0.879177
1 0.298227 0.296615 0.0825929 0.199481 0.850435
1 0.64246 0.451543 0.0829273 0.179393 0.823331
1 0.767931 0.514846 0.0931411 0.185284 0.812744
1 0.955907 0.370467 0.0756741 0.141975 0.775789
1 0.965852 0.60358 0.0660599 0.137557 0.683611
3 0.251056 0.2097 0.0234506 0.0697639 0.362185
1 0.375649 0.290389 0.0849359 0.1884 0.879177
1 0.298227 0.296615 0.0825929 0.199481 0.850435
1 0.64246 0.451543 0.0829273 0.179393 0.823331
1 0.767931 0.514846 0.0931411 0.185284 0.812744
1 0.955907 0.370467 0.0756741 0.141975 0.775789
1 0.965852 0.60358 0.0660599 0.137557 0.683611
3 0.251056 0.2097 0.0234506 0.0697639 0.362185
1 0.375649 0.290389 0.0849359 0.1884 0.879177
1 0.298227 0.296615 0.0825929 0.199481 0.850435
1 0.64246 0.451543 0.0829273 0.179393 0.823331
1 0.767931 0.514846 0.0931411 0.185284 0.812744
1 0.955907 0.370467 0.0756741 0.141975 0.775789
1 0.965852 0.60358 0.0660599 0.137557 0.683611
3 0.251056 0.2097 0.0234506 0.0697639 0.362185
