1 0.260864 0.461627 0.0321964 0.054928 0.780788
0 0.654524 0.591262 0.0192134 0.0293153 0.661761
0 0.409747 0.592742 0.0194124 0.0323984 0.624084
0 0.398257 0.56498 0.0149326 0.0245941 0.579547
0 0.665211 0.708204 0.0168247 0.0322748 0.57816
1 0.651209 0.654036 0.0259914 0.0417462 0.521382
1 0.260956 0.461587 0.0322612 0.0548545 0.789589
0 0.654543 0.591318 0.0194469 0.0296075 0.633451
0 0.409811 0.592894 0.0197238 0.0329109 0.603333
1 0.651214 0.654129 0.0261745 0.0422075 0.574174
0 0.398277 0.565029 0.0148731 0.0246495 0.571518
0 0.665252 0.708345 0.0161987 0.0318667 0.545696
1 0.260956 0.461587 0.0322612 0.0548545 0.789589
0 0.654543 0.591318 0.0194469 0.0296075 0.633451
0 0.409811 0.592894 0.0197238 0.0329109 0.603333
1 0.651214 0.654129 0.0261745 0.0422075 0.574174
0 0.398277 0.565029 0.0148731 0.0246495 0.571518
0 0.665252 0.708345 0.0161987 0.0318667 0.545696
1 0.260956 0.461587 0.0322612 0.0548545 0.789589
0 0.654543 0.591318 0.0194469 0.0296075 0.633451
0 0.409811 0.592894 0.0197238 0.0329109 0.603333
1 0.651214 0.654129 0.0261745 0.0422075 0.574174
0 0.398277 0.565029 0.0148731 0.0246495 0.571518
0 0.665252 0.708345 0.0161987 0.0318667 0.545696
