1 0.161476 0.685497 0.07061 0.11699 0.828547
0 0.253871 0.706755 0.0430256 0.0479358 0.757211
0 0.237603 0.611374 0.039455 0.025742 0.735397
0 0.231621 0.635247 0.0256242 0.0367788 0.73026
0 0.16826 0.532212 0.0335352 0.0453745 0.594625
1 0.482007 0.874355 0.0263792 0.079862 0.55158
1 0.161316 0.685741 0.0701232 0.11622 0.829874
0 0.253871 0.70685 0.0431291 0.048168 0.753577
0 0.237591 0.611329 0.0394643 0.0258761 0.7447
0 0.231565 0.635241 0.0257622 0.0366526 0.730981
0 0.168248 0.532222 0.0336244 0.0455251 0.602125
1 0.482016 0.874247 0.0264821 0.0798573 0.487825
1 0.161316 0.685741 0.0701232 0.11622 0.829874
0 0.253871 0.70685 0.0431291 0.048168 0.753577
0 0.237591 0.611329 0.0394643 0.0258761 0.7447
0 0.231565 0.635241 0.0257622 0.0366526 0.730981
0 0.168248 0.532222 0.0336244 0.0455251 0.602125
1 0.482016 0.874247 0.0264821 0.0798573 0.487825
1 0.161316 0.685741 0.0701232 0.11622 0.829874
0 0.253871 0.70685 0.0431291 0.048168 0.753577
0 0.237591 0.611329 0.0394643 0.0258761 0.7447
0 0.231565 0.635241 0.0257622 0.0366526 0.730981
0 0.168248 0.532222 0.0336244 0.0455251 0.602125
1 0.482016 0.874247 0.0264821 0.0798573 0.487825
