0 0.708019 0.729762 0.0122009 0.0206181 0.642915
0 0.219591 0.534877 0.0172843 0.0257068 0.614705
0 0.520924 0.698938 0.0145624 0.0208036 0.607947
0 0.708016 0.72978 0.0121792 0.0206094 0.636868
0 0.52092 0.698944 0.0147058 0.0208998 0.616293
0 0.219516 0.53498 0.0173415 0.0260363 0.557947
0 0.513773 0.673023 0.0122479 0.0200413 0.293573
0 0.708016 0.72978 0.0121792 0.0206094 0.636868
0 0.52092 0.698944 0.0147058 0.0208998 0.616293
0 0.219516 0.53498 0.0173415 0.0260363 0.557947
0 0.513773 0.673023 0.0122479 0.0200413 0.293573
0 0.708016 0.72978 0.0121792 0.0206094 0.636868
0 0.52092 0.698944 0.0147058 0.0208998 0.616293
0 0.219516 0.53498 0.0173415 0.0260363 0.557947
0 0.513773 0.673023 0.0122479 0.0200413 0.293573
