1 0.60944 0.598182 0.0202926 0.03227 0.649982
1 0.677234 0.720334 0.0339027 0.059864 0.608776
1 0.58067 0.646388 0.019994 0.0346061 0.524068
1 0.611844 0.640429 0.0184925 0.0281699 0.319179
1 0.609434 0.598221 0.0203316 0.0323615 0.655792
1 0.677219 0.720469 0.0338165 0.059794 0.615968
1 0.580693 0.646365 0.0200899 0.0348318 0.52211
1 0.611829 0.640449 0.018741 0.0284703 0.317643
1 0.576237 0.696289 0.0170437 0.0277046 0.265235
1 0.609434 0.598221 0.0203316 0.0323615 0.655792
1 0.677219 0.720469 0.0338165 0.059794 0.615968
1 0.580693 0.646365 0.0200899 0.0348318 0.52211
1 0.611829 0.640449 0.018741 0.0284703 0.317643
1 0.576237 0.696289 0.0170437 0.0277046 0.265235
1 0.609434 0.598221 0.0203316 0.0323615 0.655792
1 0.677219 0.720469 0.0338165 0.059794 0.615968
1 0.580693 0.646365 0.0200899 0.0348318 0.52211
1 0.611829 0.640449 0.018741 0.0284703 0.317643
1 0.576237 0.696289 0.0170437 0.0277046 0.265235
