4 0.76547 0.123229 0.239255 0.21766 0.709281
4 0.554493 0.300695 0.269698 0.263467 0.652512
4 0.208567 0.735385 0.413952 0.523196 0.617418
4 0.100771 0.056723 0.195418 0.111705 0.608798
4 0.625774 0.795424 0.364017 0.376493 0.595544
4 0.393219 0.0926619 0.254571 0.164282 0.53767
4 0.852313 0.53083 0.293684 0.471748 0.511551
4 0.178959 0.300033 0.35245 0.305431 0.502246
4 0.76547 0.123229 0.239255 0.21766 0.709281
4 0.554493 0.300695 0.269698 0.263467 0.652512
4 0.208567 0.735385 0.413952 0.523196 0.617418
4 0.100771 0.056723 0.195418 0.111705 0.608798
4 0.625774 0.795424 0.364017 0.376493 0.595544
4 0.393219 0.0926619 0.254571 0.164282 0.53767
4 0.852313 0.53083 0.293684 0.471748 0.511551
4 0.178959 0.300033 0.35245 0.305431 0.502246
