1 0.505955 0.161368 0.0735956 0.135234 0.837328
0 0.348385 0.696733 0.031207 0.0380632 0.777891
1 0.329568 0.949725 0.0322483 0.0583673 0.71684
1 0.200551 0.793025 0.0468872 0.0636791 0.703745
0 0.24913 0.675378 0.0268982 0.0239469 0.673133
1 0.507036 0.460797 0.0497952 0.0556345 0.656429
1 0.0763458 0.562393 0.0369734 0.0285492 0.592875
0 0.432795 0.841315 0.030216 0.0279998 0.536653
0 0.13727 0.756012 0.0144509 0.0307805 0.383788
0 0.355263 0.142852 0.0371374 0.076912 0.343846
1 0.505879 0.161378 0.0731506 0.135043 0.845703
0 0.348445 0.69684 0.0305526 0.0373962 0.789129
1 0.32975 0.95005 0.0320014 0.0579726 0.772724
1 0.200529 0.793063 0.0467192 0.0636575 0.716089
0 0.249137 0.675366 0.0266577 0.0235356 0.69372
1 0.506956 0.460866 0.049702 0.0561441 0.657315
1 0.0763845 0.562413 0.0369656 0.0283863 0.605721
0 0.432892 0.841381 0.029875 0.0276151 0.553406
0 0.137332 0.756074 0.0143116 0.0305166 0.409226
0 0.354921 0.143897 0.0372854 0.0762962 0.394368
1 0.505879 0.161378 0.0731506 0.135043 0.845703
0 0.348445 0.69684 0.0305526 0.0373962 0.789129
1 0.32975 0.95005 0.0320014 0.0579726 0.772724
1 0.200529 0.793063 0.0467192 0.0636575 0.716089
0 0.249137 0.675366 0.0266577 0.0235356 0.69372
1 0.506956 0.460866 0.049702 0.0561441 0.657315
1 0.0763845 0.562413 0.0369656 0.0283863 0.605721
0 0.432892 0.841381 0.029875 0.0276151 0.553406
0 0.137332 0.756074 0.0143116 0.0305166 0.409226
0 0.354921 0.143897 0.0372854 0.0762962 0.394368
1 0.505879 0.161378 0.0731506 0.135043 0.845703
0 0.348445 0.69684 0.0305526 0.0373962 0.789129
1 0.32975 0.95005 0.0320014 0.0579726 0.772724
1 0.200529 0.793063 0.0467192 0.0636575 0.716089
0 0.249137 0.675366 0.0266577 0.0235356 0.69372
1 0.506956 0.460866 0.049702 0.0561441 0.657315
1 0.0763845 0.562413 0.0369656 0.0283863 0.605721
0 0.432892 0.841381 0.029875 0.0276151 0.553406
0 0.137332 0.756074 0.0143116 0.0305166 0.409226
0 0.354921 0.143897 0.0372854 0.0762962 0.394368
