1 0.518619 0.752368 0.0548808 0.0895847 0.868197
1 0.366298 0.788028 0.0701733 0.0813024 0.858827
4 0.437349 0.497828 0.874698 0.994558 0.445556
4 0.933623 0.364559 0.131831 0.704666 0.326874
1 0.519132 0.752634 0.0551672 0.0896631 0.866064
1 0.366813 0.787746 0.0707404 0.0817202 0.858326
4 0.434598 0.503768 0.852449 0.992464 0.540943
4 0.935471 0.367362 0.127749 0.713185 0.326534
1 0.519132 0.752634 0.0551672 0.0896631 0.866064
1 0.366813 0.787746 0.0707404 0.0817202 0.858326
4 0.434598 0.503768 0.852449 0.992464 0.540943
4 0.935471 0.367362 0.127749 0.713185 0.326534
1 0.519132 0.752634 0.0551672 0.0896631 0.866064
1 0.366813 0.787746 0.0707404 0.0817202 0.858326
4 0.434598 0.503768 0.852449 0.992464 0.540943
4 0.935471 0.367362 0.127749 0.713185 0.326534
