1 0.633792 0.710183 0.0783091 0.152597 0.894547
1 0.64464 0.144282 0.119261 0.116048 0.834809
1 0.522394 0.68106 0.111605 0.146817 0.80518
1 0.669149 0.530954 0.0741433 0.116124 0.781094
1 0.511118 0.230605 0.0796598 0.100262 0.742009
0 0.318346 0.216206 0.0343237 0.0431396 0.710376
1 0.537056 0.574879 0.0774406 0.0839815 0.706529
0 0.596438 0.290552 0.0341675 0.0822874 0.706289
0 0.317604 0.272297 0.0339666 0.0387714 0.692069
0 0.573555 0.636447 0.024717 0.0594119 0.629139
1 0.6699 0.636272 0.0716425 0.109571 0.6268
0 0.655482 0.617347 0.0478598 0.0501493 0.537366
1 0.633808 0.710093 0.0784887 0.152938 0.896873
1 0.644494 0.143579 0.120053 0.117976 0.832557
1 0.522804 0.681198 0.11202 0.146609 0.810501
1 0.669332 0.530627 0.0744825 0.116537 0.780599
1 0.511051 0.230791 0.0797909 0.100198 0.719418
0 0.596364 0.290298 0.0347998 0.0828268 0.711701
0 0.31835 0.216164 0.0342809 0.042861 0.709487
1 0.537235 0.574824 0.077635 0.0845443 0.706249
0 0.317522 0.272286 0.0338578 0.0386526 0.701487
1 0.670128 0.636336 0.0723053 0.109716 0.634919
0 0.573515 0.636753 0.0250547 0.0600714 0.62539
0 0.655375 0.617395 0.047807 0.0498214 0.518121
1 0.633808 0.710093 0.0784887 0.152938 0.896873
1 0.644494 0.143579 0.120053 0.117976 0.832557
1 0.522804 0.681198 0.11202 0.146609 0.810501
1 0.669332 0.530627 0.0744825 0.116537 0.780599
1 0.511051 0.230791 0.0797909 0.100198 0.719418
0 0.596364 0.290298 0.0347998 0.0828268 0.711701
0 0.31835 0.216164 0.0342809 0.042861 0.709487
1 0.537235 0.574824 0.077635 0.0845443 0.706249
0 0.317522 0.272286 0.0338578 0.0386526 0.701487
1 0.670128 0.636336 0.0723053 0.109716 0.634919
0 0.573515 0.636753 0.0250547 0.0600714 0.62539
0 0.655375 0.617395 0.047807 0.0498214 0.518121
1 0.633808 0.710093 0.0784887 0.152938 0.896873
1 0.644494 0.143579 0.120053 0.117976 0.832557
1 0.522804 0.681198 0.11202 0.146609 0.810501
1 0.669332 0.530627 0.0744825 0.116537 0.780599
1 0.511051 0.230791 0.0797909 0.100198 0.719418
0 0.596364 0.290298 0.0347998 0.0828268 0.711701
0 0.31835 0.216164 0.0342809 0.042861 0.709487
1 0.537235 0.574824 0.077635 0.0845443 0.706249
0 0.317522 0.272286 0.0338578 0.0386526 0.701487
1 0.670128 0.636336 0.0723053 0.109716 0.634919
0 0.573515 0.636753 0.0250547 0.0600714 0.62539
0 0.655375 0.617395 0.047807 0.0498214 0.518121
