1 0.311228 0.216459 0.0367359 0.0505406 0.778774
1 0.265249 0.460771 0.024688 0.0425936 0.706254
1 0.323241 0.386364 0.0239094 0.0449915 0.700986
1 0.306435 0.433127 0.0223516 0.0422354 0.699171
1 0.311457 0.308299 0.0272026 0.0368141 0.66915
1 0.472564 0.433703 0.0214623 0.035068 0.631068
1 0.317537 0.368609 0.0274182 0.0410222 0.620335
1 0.339232 0.371283 0.0276461 0.0352224 0.596842
1 0.480169 0.556539 0.0178577 0.0289632 0.59096
1 0.484989 0.538884 0.0211147 0.0182954 0.584561
1 0.465168 0.563427 0.0122023 0.0226412 0.581752
1 0.267797 0.22617 0.026369 0.0416087 0.577989
1 0.247698 0.73221 0.028702 0.0432976 0.573844
1 0.486183 0.528432 0.0214626 0.0232886 0.541042
2 0.799987 0.346192 0.027138 0.0514302 0.524396
1 0.299295 0.395674 0.019943 0.0319576 0.516615
1 0.460769 0.5073 0.017868 0.0278921 0.514624
3 0.283521 0.628629 0.0225822 0.0369861 0.496676
1 0.453417 0.571722 0.0141978 0.0255935 0.493062
1 0.854034 0.567376 0.0191759 0.0320169 0.462591
1 0.959056 0.627216 0.0216013 0.0444495 0.455476
1 0.908686 0.427859 0.0326843 0.0411514 0.447295
1 0.913303 0.360399 0.029039 0.0680908 0.436944
1 0.252509 0.574456 0.0223904 0.0329627 0.420995
1 0.480518 0.284174 0.0230152 0.037342 0.416188
1 0.460976 0.542491 0.0201788 0.0228574 0.413541
1 0.311283 0.216771 0.0362882 0.0503379 0.78366
1 0.265287 0.460759 0.0247261 0.0428176 0.714122
1 0.306429 0.433157 0.0222013 0.0421974 0.700626
1 0.323234 0.386445 0.0240104 0.0451604 0.693155
1 0.311428 0.308333 0.0274095 0.0370479 0.653327
1 0.317503 0.368528 0.0275129 0.0411931 0.62102
1 0.472502 0.433732 0.0218357 0.0354793 0.605154
1 0.339241 0.371253 0.0277644 0.0353828 0.591702
1 0.480145 0.556474 0.0178333 0.0288342 0.587263
1 0.247734 0.732334 0.0292915 0.0436826 0.581533
1 0.484958 0.539024 0.0212785 0.0183312 0.580708
1 0.465172 0.563439 0.0122616 0.0226593 0.572545
2 0.799944 0.346638 0.0273871 0.0516145 0.544198
1 0.267817 0.226111 0.0262506 0.0418152 0.543152
1 0.4862 0.528623 0.0218012 0.0240718 0.532714
1 0.854056 0.567134 0.019408 0.0324591 0.50287
1 0.299315 0.395709 0.0200038 0.0321221 0.501255
1 0.460762 0.506989 0.0181261 0.0285804 0.491855
1 0.453382 0.571707 0.0143164 0.0256059 0.481106
3 0.283574 0.628541 0.0230412 0.037488 0.470996
1 0.908709 0.427811 0.0325661 0.0406846 0.453841
1 0.959018 0.627228 0.021631 0.0446247 0.453418
1 0.913216 0.359744 0.0291392 0.068607 0.424777
1 0.252506 0.574445 0.0224022 0.0332092 0.402729
1 0.461062 0.5424 0.0204696 0.0229679 0.397921
1 0.480511 0.284292 0.0233899 0.0379393 0.376404
0 0.947346 0.616031 0.0196426 0.0361577 0.277884
0 0.908476 0.427857 0.0322549 0.0401672 0.250872
1 0.311283 0.216771 0.0362882 0.0503379 0.78366
1 0.265287 0.460759 0.0247261 0.0428176 0.714122
1 0.306429 0.433157 0.0222013 0.0421974 0.700626
1 0.323234 0.386445 0.0240104 0.0451604 0.693155
1 0.311428 0.308333 0.0274095 0.0370479 0.653327
1 0.317503 0.368528 0.0275129 0.0411931 0.62102
1 0.472502 0.433732 0.0218357 0.0354793 0.605154
1 0.339241 0.371253 0.0277644 0.0353828 0.591702
1 0.480145 0.556474 0.0178333 0.0288342 0.587263
1 0.247734 0.732334 0.0292915 0.0436826 0.581533
1 0.484958 0.539024 0.0212785 0.0183312 0.580708
1 0.465172 0.563439 0.0122616 0.0226593 0.572545
2 0.799944 0.346638 0.0273871 0.0516145 0.544198
1 0.267817 0.226111 0.0262506 0.0418152 0.543152
1 0.4862 0.528623 0.0218012 0.0240718 0.532714
1 0.854056 0.567134 0.019408 0.0324591 0.50287
1 0.299315 0.395709 0.0200038 0.0321221 0.501255
1 0.460762 0.506989 0.0181261 0.0285804 0.491855
1 0.453382 0.571707 0.0143164 0.0256059 0.481106
3 0.283574 0.628541 0.0230412 0.037488 0.470996
1 0.908709 0.427811 0.0325661 0.0406846 0.453841
1 0.959018 0.627228 0.021631 0.0446247 0.453418
1 0.913216 0.359744 0.0291392 0.068607 0.424777
1 0.252506 0.574445 0.0224022 0.0332092 0.402729
1 0.461062 0.5424 0.0204696 0.0229679 0.397921
1 0.480511 0.284292 0.0233899 0.0379393 0.376404
0 0.947346 0.616031 0.0196426 0.0361577 0.277884
0 0.908476 0.427857 0.0322549 0.0401672 0.250872
1 0.311283 0.216771 0.0362882 0.0503379 0.78366
1 0.265287 0.460759 0.0247261 0.0428176 0.714122
1 0.306429 0.433157 0.0222013 0.0421974 0.700626
1 0.323234 0.386445 0.0240104 0.0451604 0.693155
1 0.311428 0.308333 0.0274095 0.0370479 0.653327
1 0.317503 0.368528 0.0275129 0.0411931 0.62102
1 0.472502 0.433732 0.0218357 0.0354793 0.605154
1 0.339241 0.371253 0.0277644 0.0353828 0.591702
1 0.480145 0.556474 0.0178333 0.0288342 0.587263
1 0.247734 0.732334 0.0292915 0.0436826 0.581533
1 0.484958 0.539024 0.0212785 0.0183312 0.580708
1 0.465172 0.563439 0.0122616 0.0226593 0.572545
2 0.799944 0.346638 0.0273871 0.0516145 0.544198
1 0.267817 0.226111 0.0262506 0.0418152 0.543152
1 0.4862 0.528623 0.0218012 0.0240718 0.532714
1 0.854056 0.567134 0.019408 0.0324591 0.50287
1 0.299315 0.395709 0.0200038 0.0321221 0.501255
1 0.460762 0.506989 0.0181261 0.0285804 0.491855
1 0.453382 0.571707 0.0143164 0.0256059 0.481106
3 0.283574 0.628541 0.0230412 0.037488 0.470996
1 0.908709 0.427811 0.0325661 0.0406846 0.453841
1 0.959018 0.627228 0.021631 0.0446247 0.453418
1 0.913216 0.359744 0.0291392 0.068607 0.424777
1 0.252506 0.574445 0.0224022 0.0332092 0.402729
1 0.461062 0.5424 0.0204696 0.0229679 0.397921
1 0.480511 0.284292 0.0233899 0.0379393 0.376404
0 0.947346 0.616031 0.0196426 0.0361577 0.277884
0 0.908476 0.427857 0.0322549 0.0401672 0.250872
