4 0.816898 0.802788 0.360185 0.387372 0.838811
4 0.198528 0.729449 0.394766 0.224193 0.582073
4 0.723336 0.68961 0.22516 0.19632 0.338
4 0.814353 0.799668 0.364654 0.390768 0.827391
4 0.19688 0.738372 0.392137 0.231077 0.595499
4 0.722386 0.688375 0.224199 0.195499 0.345697
4 0.814353 0.799668 0.364654 0.390768 0.827391
4 0.19688 0.738372 0.392137 0.231077 0.595499
4 0.722386 0.688375 0.224199 0.195499 0.345697
4 0.814353 0.799668 0.364654 0.390768 0.827391
4 0.19688 0.738372 0.392137 0.231077 0.595499
4 0.722386 0.688375 0.224199 0.195499 0.345697
