1 0.927045 0.821592 0.0767227 0.181147 0.777146
2 0.559171 0.250353 0.038345 0.0706766 0.750707
3 0.0918364 0.393021 0.0268467 0.0662251 0.748201
3 0.375445 0.782081 0.0430118 0.0846236 0.746455
3 0.22193 0.249184 0.0395758 0.0636901 0.737673
3 0.311161 0.887014 0.0396755 0.0655207 0.736667
3 0.0735592 0.377522 0.0235826 0.0513768 0.731969
3 0.3043 0.39633 0.0368191 0.0718789 0.73086
3 0.208815 0.406003 0.023959 0.0600603 0.703234
3 0.182251 0.413415 0.0288178 0.075816 0.683266
3 0.37541 0.672805 0.0473883 0.0638533 0.681637
2 0.394023 0.128102 0.0448869 0.0799283 0.67107
3 0.263014 0.383885 0.0299751 0.0475517 0.639997
1 0.270278 0.0431603 0.0362931 0.0746811 0.615601
2 0.0176681 0.512363 0.019368 0.0388275 0.613323
2 0.306208 0.601597 0.020946 0.0388343 0.590675
2 0.390464 0.285577 0.0382882 0.0703803 0.582378
3 0.413089 0.732834 0.0223963 0.0436812 0.525661
2 0.279568 0.687813 0.0206791 0.0356119 0.523065
1 0.322822 0.610747 0.0259695 0.0567754 0.521561
3 0.232403 0.411622 0.0265314 0.0763483 0.508347
3 0.112945 0.37294 0.0229061 0.0495435 0.497917
3 0.389872 0.285864 0.0388004 0.0703369 0.456126
1 0.910353 0.558962 0.0547216 0.122508 0.420973
1 0.781816 0.0997095 0.0305458 0.0641516 0.408126
2 0.112678 0.373179 0.0220031 0.0488136 0.347383
1 0.92717 0.822071 0.0760777 0.180184 0.778887
2 0.559414 0.250099 0.0386847 0.071025 0.75771
3 0.375443 0.782296 0.0426051 0.0839463 0.755816
3 0.310884 0.887827 0.0398294 0.0658943 0.754232
3 0.0918178 0.393019 0.02676 0.0661184 0.75224
3 0.222035 0.249049 0.0392341 0.0634816 0.746757
3 0.0735193 0.377554 0.0235289 0.0513127 0.738682
3 0.304224 0.396227 0.0370078 0.0717645 0.728134
3 0.208858 0.405808 0.0237939 0.0603397 0.69621
3 0.182261 0.413559 0.0288932 0.0759931 0.694357
3 0.375443 0.672728 0.0478988 0.065099 0.684228
2 0.393896 0.127723 0.0446359 0.0788698 0.667266
3 0.26303 0.383987 0.0300969 0.0474283 0.637633
1 0.270113 0.0435105 0.0366377 0.0741938 0.621445
2 0.0176999 0.512261 0.0194894 0.0389839 0.613476
3 0.112957 0.372948 0.0228583 0.049602 0.606623
2 0.306111 0.601583 0.0211709 0.0391491 0.604017
2 0.390473 0.285667 0.0383206 0.0701488 0.581242
3 0.412802 0.732889 0.0219257 0.043346 0.542469
1 0.322739 0.610705 0.0258361 0.0568108 0.526494
2 0.27962 0.687671 0.0204545 0.0356523 0.520253
3 0.232459 0.410605 0.0266604 0.0781769 0.517404
3 0.389888 0.286027 0.0385863 0.0700059 0.480202
1 0.910382 0.559616 0.0551759 0.121903 0.447178
1 0.781795 0.0997345 0.0303141 0.0638926 0.393278
2 0.279894 0.538857 0.0234756 0.0436373 0.364574
3 0.489466 0.692324 0.0238916 0.0476009 0.283479
1 0.92717 0.822071 0.0760777 0.180184 0.778887
2 0.559414 0.250099 0.0386847 0.071025 0.75771
3 0.375443 0.782296 0.0426051 0.0839463 0.755816
3 0.310884 0.887827 0.0398294 0.0658943 0.754232
3 0.0918178 0.393019 0.02676 0.0661184 0.75224
3 0.222035 0.249049 0.0392341 0.0634816 0.746757
3 0.0735193 0.377554 0.0235289 0.0513127 0.738682
3 0.304224 0.396227 0.0370078 0.0717645 0.728134
3 0.208858 0.405808 0.0237939 0.0603397 0.69621
3 0.182261 0.413559 0.0288932 0.0759931 0.694357
3 0.375443 0.672728 0.0478988 0.065099 0.684228
2 0.393896 0.127723 0.0446359 0.0788698 0.667266
3 0.26303 0.383987 0.0300969 0.0474283 0.637633
1 0.270113 0.0435105 0.0366377 0.0741938 0.621445
2 0.0176999 0.512261 0.0194894 0.0389839 0.613476
3 0.112957 0.372948 0.0228583 0.049602 0.606623
2 0.306111 0.601583 0.0211709 0.0391491 0.604017
2 0.390473 0.285667 0.0383206 0.0701488 0.581242
3 0.412802 0.732889 0.0219257 0.043346 0.542469
1 0.322739 0.610705 0.0258361 0.0568108 0.526494
2 0.27962 0.687671 0.0204545 0.0356523 0.520253
3 0.232459 0.410605 0.0266604 0.0781769 0.517404
3 0.389888 0.286027 0.0385863 0.0700059 0.480202
1 0.910382 0.559616 0.0551759 0.121903 0.447178
1 0.781795 0.0997345 0.0303141 0.0638926 0.393278
2 0.279894 0.538857 0.0234756 0.0436373 0.364574
3 0.489466 0.692324 0.0238916 0.0476009 0.283479
1 0.92717 0.822071 0.0760777 0.180184 0.778887
2 0.559414 0.250099 0.0386847 0.071025 0.75771
3 0.375443 0.782296 0.0426051 0.0839463 0.755816
3 0.310884 0.887827 0.0398294 0.0658943 0.754232
3 0.0918178 0.393019 0.02676 0.0661184 0.75224
3 0.222035 0.249049 0.0392341 0.0634816 0.746757
3 0.0735193 0.377554 0.0235289 0.0513127 0.738682
3 0.304224 0.396227 0.0370078 0.0717645 0.728134
3 0.208858 0.405808 0.0237939 0.0603397 0.69621
3 0.182261 0.413559 0.0288932 0.0759931 0.694357
3 0.375443 0.672728 0.0478988 0.065099 0.684228
2 0.393896 0.127723 0.0446359 0.0788698 0.667266
3 0.26303 0.383987 0.0300969 0.0474283 0.637633
1 0.270113 0.0435105 0.0366377 0.0741938 0.621445
2 0.0176999 0.512261 0.0194894 0.0389839 0.613476
3 0.112957 0.372948 0.0228583 0.049602 0.606623
2 0.306111 0.601583 0.0211709 0.0391491 0.604017
2 0.390473 0.285667 0.0383206 0.0701488 0.581242
3 0.412802 0.732889 0.0219257 0.043346 0.542469
1 0.322739 0.610705 0.0258361 0.0568108 0.526494
2 0.27962 0.687671 0.0204545 0.0356523 0.520253
3 0.232459 0.410605 0.0266604 0.0781769 0.517404
3 0.389888 0.286027 0.0385863 0.0700059 0.480202
1 0.910382 0.559616 0.0551759 0.121903 0.447178
1 0.781795 0.0997345 0.0303141 0.0638926 0.393278
2 0.279894 0.538857 0.0234756 0.0436373 0.364574
3 0.489466 0.692324 0.0238916 0.0476009 0.283479
