0 0.700999 0.324242 0.0338431 0.0556249 0.88919
1 0.788884 0.498005 0.039091 0.0792165 0.887146
0 0.955851 0.312238 0.0325207 0.0507199 0.836115
2 0.455887 0.676952 0.02339 0.0476217 0.825271
2 0.484067 0.571718 0.0394903 0.0776358 0.756722
0 0.682989 0.233733 0.0519096 0.0271097 0.723017
2 0.452729 0.578887 0.0244679 0.0548622 0.694168
2 0.480682 0.637659 0.0160313 0.0308084 0.634764
2 0.444131 0.560102 0.0174118 0.0487999 0.527835
4 0.227361 0.381202 0.452278 0.758288 0.488271
0 0.115878 0.513523 0.0211596 0.0263739 0.480088
1 0.0442725 0.630363 0.0346924 0.0439524 0.456138
0 0.692113 0.227505 0.0391431 0.0251831 0.375701
2 0.474534 0.663747 0.0214771 0.0399369 0.360707
0 0.701038 0.324219 0.0339336 0.0556941 0.884729
1 0.788892 0.498056 0.0392302 0.0791229 0.882228
0 0.955858 0.312227 0.032806 0.0511303 0.831582
2 0.45589 0.676952 0.0233545 0.0475265 0.831126
2 0.484028 0.571708 0.0395763 0.0777248 0.763056
0 0.683043 0.233734 0.0519096 0.026963 0.713727
2 0.452749 0.578875 0.0244768 0.0548675 0.680953
2 0.480726 0.63756 0.0160114 0.0308155 0.614633
1 0.044314 0.630405 0.0345001 0.0437066 0.59457
2 0.443133 0.559597 0.0182713 0.0514822 0.529104
4 0.231083 0.378362 0.45949 0.753781 0.522187
0 0.115816 0.513432 0.0209556 0.0263742 0.47969
2 0.474544 0.664363 0.0214544 0.0388015 0.349259
4 0.5 0.375315 1 0.745237 0.299598
0 0.701038 0.324219 0.0339336 0.0556941 0.884729
1 0.788892 0.498056 0.0392302 0.0791229 0.882228
0 0.955858 0.312227 0.032806 0.0511303 0.831582
2 0.45589 0.676952 0.0233545 0.0475265 0.831126
2 0.484028 0.571708 0.0395763 0.0777248 0.763056
0 0.683043 0.233734 0.0519096 0.026963 0.713727
2 0.452749 0.578875 0.0244768 0.0548675 0.680953
2 0.480726 0.63756 0.0160114 0.0308155 0.614633
1 0.044314 0.630405 0.0345001 0.0437066 0.59457
2 0.443133 0.559597 0.0182713 0.0514822 0.529104
4 0.231083 0.378362 0.45949 0.753781 0.522187
0 0.115816 0.513432 0.0209556 0.0263742 0.47969
2 0.474544 0.664363 0.0214544 0.0388015 0.349259
4 0.5 0.375315 1 0.745237 0.299598
0 0.701038 0.324219 0.0339336 0.0556941 0.884729
1 0.788892 0.498056 0.0392302 0.0791229 0.882228
0 0.955858 0.312227 0.032806 0.0511303 0.831582
2 0.45589 0.676952 0.0233545 0.0475265 0.831126
2 0.484028 0.571708 0.0395763 0.0777248 0.763056
0 0.683043 0.233734 0.0519096 0.026963 0.713727
2 0.452749 0.578875 0.0244768 0.0548675 0.680953
2 0.480726 0.63756 0.0160114 0.0308155 0.614633
1 0.044314 0.630405 0.0345001 0.0437066 0.59457
2 0.443133 0.559597 0.0182713 0.0514822 0.529104
4 0.231083 0.378362 0.45949 0.753781 0.522187
0 0.115816 0.513432 0.0209556 0.0263742 0.47969
2 0.474544 0.664363 0.0214544 0.0388015 0.349259
4 0.5 0.375315 1 0.745237 0.299598
