0 0.158751 0.667923 0.0817337 0.0666809 0.88021
2 0.166255 0.170306 0.0580034 0.0983646 0.872951
0 0.19486 0.721129 0.054423 0.108064 0.836656
0 0.338029 0.909534 0.0819146 0.0970208 0.834167
0 0.162857 0.576009 0.0616821 0.0589825 0.816217
0 0.163316 0.615235 0.0608014 0.0459674 0.715689
2 0.884071 0.34985 0.027778 0.0449154 0.569742
0 0.789529 0.344866 0.024615 0.046727 0.442459
0 0.057107 0.0331931 0.0399241 0.0627235 0.422174
0 0.607516 0.489598 0.0148769 0.024977 0.380137
0 0.0703396 0.393154 0.0167366 0.0326981 0.314564
0 0.158747 0.667994 0.0819344 0.0663417 0.877293
2 0.166335 0.170416 0.0582771 0.0969285 0.868865
0 0.338025 0.909687 0.0812657 0.0960383 0.839947
0 0.195054 0.721005 0.0529826 0.107376 0.832114
0 0.162807 0.575996 0.0614071 0.0588235 0.817559
0 0.163293 0.615236 0.0605247 0.045959 0.715555
2 0.884022 0.349819 0.0278069 0.0450378 0.5296
0 0.789756 0.345024 0.0249245 0.0464323 0.336643
0 0.0703605 0.393072 0.0166667 0.0326624 0.31472
0 0.60748 0.489606 0.0147102 0.024881 0.303056
0 0.0571657 0.0325982 0.0406933 0.06336 0.283715
0 0.158747 0.667994 0.0819344 0.0663417 0.877293
2 0.166335 0.170416 0.0582771 0.0969285 0.868865
0 0.338025 0.909687 0.0812657 0.0960383 0.839947
0 0.195054 0.721005 0.0529826 0.107376 0.832114
0 0.162807 0.575996 0.0614071 0.0588235 0.817559
0 0.163293 0.615236 0.0605247 0.045959 0.715555
2 0.884022 0.349819 0.0278069 0.0450378 0.5296
0 0.789756 0.345024 0.0249245 0.0464323 0.336643
0 0.0703605 0.393072 0.0166667 0.0326624 0.31472
0 0.60748 0.489606 0.0147102 0.024881 0.303056
0 0.0571657 0.0325982 0.0406933 0.06336 0.283715
0 0.158747 0.667994 0.0819344 0.0663417 0.877293
2 0.166335 0.170416 0.0582771 0.0969285 0.868865
0 0.338025 0.909687 0.0812657 0.0960383 0.839947
0 0.195054 0.721005 0.0529826 0.107376 0.832114
0 0.162807 0.575996 0.0614071 0.0588235 0.817559
0 0.163293 0.615236 0.0605247 0.045959 0.715555
2 0.884022 0.349819 0.0278069 0.0450378 0.5296
0 0.789756 0.345024 0.0249245 0.0464323 0.336643
0 0.0703605 0.393072 0.0166667 0.0326624 0.31472
0 0.60748 0.489606 0.0147102 0.024881 0.303056
0 0.0571657 0.0325982 0.0406933 0.06336 0.283715
