3 0.936321 0.562528 0.0389698 0.0645036 0.846273
1 0.931256 0.830822 0.0308964 0.058042 0.75582
2 0.649529 0.665415 0.0244927 0.0430044 0.739169
1 0.899739 0.869965 0.0407687 0.0545891 0.734779
3 0.729095 0.368565 0.0314087 0.0436039 0.717407
0 0.967992 0.773734 0.0261124 0.0456307 0.646636
2 0.638233 0.713124 0.0282853 0.0440244 0.615802
0 0.174518 0.757064 0.0211424 0.0294728 0.49431
2 0.213584 0.634008 0.0230656 0.0353149 0.489722
0 0.915134 0.808375 0.0305843 0.0426461 0.484299
0 0.680578 0.45569 0.0181981 0.0324052 0.482265
1 0.914599 0.808284 0.0296564 0.0425852 0.434415
0 0.665388 0.500468 0.0226215 0.036295 0.41853
1 0.628505 0.670315 0.0184462 0.0305725 0.398364
3 0.936281 0.562614 0.0386974 0.0642257 0.843983
1 0.9313 0.830851 0.0312042 0.0581432 0.747853
2 0.649503 0.665343 0.0246421 0.0431817 0.74779
1 0.89967 0.870003 0.0412062 0.0546502 0.721279
3 0.728988 0.36839 0.0316113 0.0433186 0.711608
0 0.967972 0.77374 0.0263193 0.045925 0.663668
2 0.638164 0.713421 0.0284009 0.0444244 0.628126
0 0.915064 0.808424 0.0305965 0.0425519 0.512548
0 0.665388 0.5004 0.0225468 0.0360636 0.495643
0 0.680548 0.455623 0.0181264 0.0324827 0.484388
2 0.213573 0.634005 0.0228879 0.0355472 0.467628
0 0.174524 0.757063 0.0208773 0.0293093 0.450399
1 0.914539 0.808338 0.0296432 0.04248 0.411686
1 0.628504 0.670301 0.0185801 0.0308235 0.383728
0 0.138444 0.797146 0.0234527 0.0360118 0.294192
2 0.963039 0.671935 0.0147099 0.0218877 0.282234
3 0.936281 0.562614 0.0386974 0.0642257 0.843983
1 0.9313 0.830851 0.0312042 0.0581432 0.747853
2 0.649503 0.665343 0.0246421 0.0431817 0.74779
1 0.89967 0.870003 0.0412062 0.0546502 0.721279
3 0.728988 0.36839 0.0316113 0.0433186 0.711608
0 0.967972 0.77374 0.0263193 0.045925 0.663668
2 0.638164 0.713421 0.0284009 0.0444244 0.628126
0 0.915064 0.808424 0.0305965 0.0425519 0.512548
0 0.665388 0.5004 0.0225468 0.0360636 0.495643
0 0.680548 0.455623 0.0181264 0.0324827 0.484388
2 0.213573 0.634005 0.0228879 0.0355472 0.467628
0 0.174524 0.757063 0.0208773 0.0293093 0.450399
1 0.914539 0.808338 0.0296432 0.04248 0.411686
1 0.628504 0.670301 0.0185801 0.0308235 0.383728
0 0.138444 0.797146 0.0234527 0.0360118 0.294192
2 0.963039 0.671935 0.0147099 0.0218877 0.282234
3 0.936281 0.562614 0.0386974 0.0642257 0.843983
1 0.9313 0.830851 0.0312042 0.0581432 0.747853
2 0.649503 0.665343 0.0246421 0.0431817 0.74779
1 0.89967 0.870003 0.0412062 0.0546502 0.721279
3 0.728988 0.36839 0.0316113 0.0433186 0.711608
0 0.967972 0.77374 0.0263193 0.045925 0.663668
2 0.638164 0.713421 0.0284009 0.0444244 0.628126
0 0.915064 0.808424 0.0305965 0.0425519 0.512548
0 0.665388 0.5004 0.0225468 0.0360636 0.495643
0 0.680548 0.455623 0.0181264 0.0324827 0.484388
2 0.213573 0.634005 0.0228879 0.0355472 0.467628
0 0.174524 0.757063 0.0208773 0.0293093 0.450399
1 0.914539 0.808338 0.0296432 0.04248 0.411686
1 0.628504 0.670301 0.0185801 0.0308235 0.383728
0 0.138444 0.797146 0.0234527 0.0360118 0.294192
2 0.963039 0.671935 0.0147099 0.0218877 0.282234
