1 0.702176 0.695503 0.0488258 0.114202 0.874141
1 0.801883 0.830271 0.0456806 0.120122 0.836481
2 0.843164 0.481236 0.0557529 0.12085 0.786867
0 0.868671 0.710281 0.0462423 0.101486 0.724271
0 0.789935 0.587993 0.0414096 0.0467002 0.563954
4 0.328943 0.510546 0.650816 0.95526 0.355901
1 0.702408 0.695541 0.0483866 0.113772 0.878073
1 0.801853 0.830207 0.0454182 0.119877 0.842818
2 0.843168 0.481171 0.0554838 0.120072 0.793133
0 0.868772 0.710476 0.0462872 0.101125 0.733513
0 0.790014 0.588064 0.0412737 0.0467982 0.55629
4 0.340925 0.505107 0.675827 0.965358 0.365989
1 0.702408 0.695541 0.0483866 0.113772 0.878073
1 0.801853 0.830207 0.0454182 0.119877 0.842818
2 0.843168 0.481171 0.0554838 0.120072 0.793133
0 0.868772 0.710476 0.0462872 0.101125 0.733513
0 0.790014 0.588064 0.0412737 0.0467982 0.55629
4 0.340925 0.505107 0.675827 0.965358 0.365989
1 0.702408 0.695541 0.0483866 0.113772 0.878073
1 0.801853 0.830207 0.0454182 0.119877 0.842818
2 0.843168 0.481171 0.0554838 0.120072 0.793133
0 0.868772 0.710476 0.0462872 0.101125 0.733513
0 0.790014 0.588064 0.0412737 0.0467982 0.55629
4 0.340925 0.505107 0.675827 0.965358 0.365989
