1 0.248634 0.59835 0.0240741 0.038069 0.765218
1 0.943193 0.627292 0.0298891 0.0547344 0.624123
1 0.0261929 0.551504 0.0267928 0.053563 0.560727
2 0.241957 0.732961 0.019519 0.0337726 0.439316
1 0.248677 0.598408 0.0242831 0.038524 0.774879
1 0.0262208 0.551471 0.0262503 0.0529975 0.575162
1 0.943154 0.627678 0.0295803 0.0536781 0.527495
2 0.241911 0.732379 0.0194779 0.0341503 0.512129
0 0.943406 0.627477 0.0297295 0.0537607 0.282112
1 0.248677 0.598408 0.0242831 0.038524 0.774879
1 0.0262208 0.551471 0.0262503 0.0529975 0.575162
1 0.943154 0.627678 0.0295803 0.0536781 0.527495
2 0.241911 0.732379 0.0194779 0.0341503 0.512129
0 0.943406 0.627477 0.0297295 0.0537607 0.282112
1 0.248677 0.598408 0.0242831 0.038524 0.774879
1 0.0262208 0.551471 0.0262503 0.0529975 0.575162
1 0.943154 0.627678 0.0295803 0.0536781 0.527495
2 0.241911 0.732379 0.0194779 0.0341503 0.512129
0 0.943406 0.627477 0.0297295 0.0537607 0.282112
