1 0.902422 0.0586004 0.0333462 0.0723965 0.903212
1 0.174361 0.630468 0.03729 0.0633045 0.900672
1 0.353918 0.517547 0.041543 0.0461081 0.877497
1 0.984404 0.454469 0.0311919 0.0903754 0.860164
1 0.292362 0.841245 0.0250986 0.0524715 0.858428
1 0.252761 0.74336 0.0317594 0.0737042 0.853274
1 0.320778 0.641465 0.0235416 0.0629026 0.831835
0 0.242629 0.715159 0.0406938 0.045355 0.830001
0 0.221387 0.399671 0.0169373 0.0457615 0.470684
1 0.174372 0.630482 0.0372032 0.0631803 0.907023
1 0.902468 0.0588709 0.0337557 0.0723211 0.882066
1 0.353885 0.517531 0.0414834 0.0461301 0.878621
1 0.292328 0.84126 0.0250845 0.0524345 0.86349
1 0.252768 0.743329 0.0316773 0.0736987 0.859738
1 0.984344 0.453973 0.0313129 0.0911994 0.848172
1 0.320794 0.641428 0.0234526 0.0627589 0.836247
0 0.242337 0.715195 0.0394204 0.0446557 0.828424
0 0.221458 0.39927 0.0164535 0.0447698 0.511242
1 0.174372 0.630482 0.0372032 0.0631803 0.907023
1 0.902468 0.0588709 0.0337557 0.0723211 0.882066
1 0.353885 0.517531 0.0414834 0.0461301 0.878621
1 0.292328 0.84126 0.0250845 0.0524345 0.86349
1 0.252768 0.743329 0.0316773 0.0736987 0.859738
1 0.984344 0.453973 0.0313129 0.0911994 0.848172
1 0.320794 0.641428 0.0234526 0.0627589 0.836247
0 0.242337 0.715195 0.0394204 0.0446557 0.828424
0 0.221458 0.39927 0.0164535 0.0447698 0.511242
1 0.174372 0.630482 0.0372032 0.0631803 0.907023
1 0.902468 0.0588709 0.0337557 0.0723211 0.882066
1 0.353885 0.517531 0.0414834 0.0461301 0.878621
1 0.292328 0.84126 0.0250845 0.0524345 0.86349
1 0.252768 0.743329 0.0316773 0.0736987 0.859738
1 0.984344 0.453973 0.0313129 0.0911994 0.848172
1 0.320794 0.641428 0.0234526 0.0627589 0.836247
0 0.242337 0.715195 0.0394204 0.0446557 0.828424
0 0.221458 0.39927 0.0164535 0.0447698 0.511242
