0 0.216291 0.863986 0.066675 0.0823243 0.857427
0 0.0664908 0.659663 0.0711443 0.052937 0.849259
0 0.0984547 0.700861 0.0443513 0.0817472 0.832377
2 0.0724474 0.23938 0.048691 0.0841026 0.826796
0 0.0709902 0.585051 0.0500487 0.0500608 0.770978
0 0.069637 0.616642 0.0535557 0.0396468 0.722736
2 0.696378 0.376372 0.0299184 0.0469369 0.633392
0 0.610054 0.369372 0.0234198 0.0458686 0.396013
0 0.216381 0.864327 0.0665431 0.083431 0.862509
0 0.0665034 0.65961 0.0711221 0.0529126 0.841268
0 0.0984203 0.700849 0.0442638 0.0813883 0.83476
2 0.0722394 0.239405 0.0478973 0.0843023 0.81904
0 0.0710526 0.584957 0.0498403 0.0497335 0.763234
0 0.0697031 0.616542 0.0530674 0.0398179 0.723428
2 0.696325 0.376382 0.0293396 0.0463798 0.651866
0 0.610046 0.369315 0.0233159 0.0458977 0.377889
0 0.216381 0.864327 0.0665431 0.083431 0.862509
0 0.0665034 0.65961 0.0711221 0.0529126 0.841268
0 0.0984203 0.700849 0.0442638 0.0813883 0.83476
2 0.0722394 0.239405 0.0478973 0.0843023 0.81904
0 0.0710526 0.584957 0.0498403 0.0497335 0.763234
0 0.0697031 0.616542 0.0530674 0.0398179 0.723428
2 0.696325 0.376382 0.0293396 0.0463798 0.651866
0 0.610046 0.369315 0.0233159 0.0458977 0.377889
0 0.216381 0.864327 0.0665431 0.083431 0.862509
0 0.0665034 0.65961 0.0711221 0.0529126 0.841268
0 0.0984203 0.700849 0.0442638 0.0813883 0.83476
2 0.0722394 0.239405 0.0478973 0.0843023 0.81904
0 0.0710526 0.584957 0.0498403 0.0497335 0.763234
0 0.0697031 0.616542 0.0530674 0.0398179 0.723428
2 0.696325 0.376382 0.0293396 0.0463798 0.651866
0 0.610046 0.369315 0.0233159 0.0458977 0.377889
