1 0.699169 0.528029 0.0234953 0.0549003 0.810263
1 0.792477 0.544161 0.0366679 0.0343962 0.779143
1 0.761891 0.569839 0.0240197 0.0418913 0.764772
1 0.222769 0.658203 0.0228098 0.0511809 0.743473
1 0.255722 0.638271 0.0202878 0.0454588 0.740719
1 0.307938 0.78284 0.0214681 0.0473876 0.736678
1 0.803024 0.496187 0.0321697 0.0340867 0.723916
1 0.323059 0.602354 0.0214556 0.0356388 0.722956
1 0.715623 0.530051 0.020008 0.0509953 0.654967
1 0.33729 0.815836 0.0190423 0.0294245 0.624547
1 0.307092 0.602929 0.0203004 0.0411447 0.619564
1 0.209829 0.688887 0.0200512 0.0336713 0.615448
1 0.359389 0.792079 0.0192194 0.0344728 0.610495
1 0.344514 0.771208 0.0273469 0.0239292 0.574369
1 0.831161 0.744199 0.0320787 0.0411248 0.538629
1 0.265059 0.638338 0.0169139 0.0493293 0.536947
1 0.958009 0.530466 0.0188862 0.0338409 0.462083
1 0.760928 0.592237 0.0216433 0.0262942 0.44976
1 0.595318 0.467276 0.0246466 0.0379398 0.441065
1 0.337 0.787151 0.0182147 0.0299192 0.414918
1 0.794566 0.515843 0.0249435 0.0288919 0.337775
1 0.9437 0.52725 0.0146103 0.0330979 0.332106
1 0.699149 0.528066 0.0233364 0.0547976 0.813023
1 0.792462 0.544142 0.0364868 0.034242 0.782626
1 0.761912 0.56976 0.0238274 0.0416194 0.76475
1 0.80296 0.495635 0.0321073 0.0335198 0.752047
1 0.255722 0.63837 0.020413 0.0454778 0.744149
1 0.222463 0.658321 0.0226411 0.0513011 0.742687
1 0.307918 0.782662 0.0217068 0.0477452 0.736515
1 0.32307 0.602243 0.021641 0.0358145 0.73032
1 0.71559 0.530109 0.0200472 0.0509991 0.677511
1 0.33731 0.815853 0.0191642 0.029471 0.628789
1 0.359405 0.792056 0.0193197 0.034482 0.620833
1 0.307152 0.60279 0.0202792 0.0410441 0.620715
1 0.209762 0.688867 0.019793 0.033474 0.618678
1 0.344498 0.771178 0.0276031 0.0241232 0.604919
1 0.83109 0.744232 0.0321892 0.0410357 0.579316
1 0.265095 0.638493 0.0169191 0.0492666 0.539404
1 0.95814 0.530061 0.0173088 0.0326846 0.503454
1 0.595339 0.46711 0.0249006 0.0387061 0.491708
1 0.760938 0.592229 0.0213266 0.02592 0.462014
1 0.336979 0.787162 0.0183657 0.0299611 0.437975
1 0.943757 0.527141 0.0145944 0.0334437 0.419875
1 0.794384 0.515574 0.0244305 0.0293495 0.34529
1 0.699149 0.528066 0.0233364 0.0547976 0.813023
1 0.792462 0.544142 0.0364868 0.034242 0.782626
1 0.761912 0.56976 0.0238274 0.0416194 0.76475
1 0.80296 0.495635 0.0321073 0.0335198 0.752047
1 0.255722 0.63837 0.020413 0.0454778 0.744149
1 0.222463 0.658321 0.0226411 0.0513011 0.742687
1 0.307918 0.782662 0.0217068 0.0477452 0.736515
1 0.32307 0.602243 0.021641 0.0358145 0.73032
1 0.71559 0.530109 0.0200472 0.0509991 0.677511
1 0.33731 0.815853 0.0191642 0.029471 0.628789
1 0.359405 0.792056 0.0193197 0.034482 0.620833
1 0.307152 0.60279 0.0202792 0.0410441 0.620715
1 0.209762 0.688867 0.019793 0.033474 0.618678
1 0.344498 0.771178 0.0276031 0.0241232 0.604919
1 0.83109 0.744232 0.0321892 0.0410357 0.579316
1 0.265095 0.638493 0.0169191 0.0492666 0.539404
1 0.95814 0.530061 0.0173088 0.0326846 0.503454
1 0.595339 0.46711 0.0249006 0.0387061 0.491708
1 0.760938 0.592229 0.0213266 0.02592 0.462014
1 0.336979 0.787162 0.0183657 0.0299611 0.437975
1 0.943757 0.527141 0.0145944 0.0334437 0.419875
1 0.794384 0.515574 0.0244305 0.0293495 0.34529
1 0.699149 0.528066 0.0233364 0.0547976 0.813023
1 0.792462 0.544142 0.0364868 0.034242 0.782626
1 0.761912 0.56976 0.0238274 0.0416194 0.76475
1 0.80296 0.495635 0.0321073 0.0335198 0.752047
1 0.255722 0.63837 0.020413 0.0454778 0.744149
1 0.222463 0.658321 0.0226411 0.0513011 0.742687
1 0.307918 0.782662 0.0217068 0.0477452 0.736515
1 0.32307 0.602243 0.021641 0.0358145 0.73032
1 0.71559 0.530109 0.0200472 0.0509991 0.677511
1 0.33731 0.815853 0.0191642 0.029471 0.628789
1 0.359405 0.792056 0.0193197 0.034482 0.620833
1 0.307152 0.60279 0.0202792 0.0410441 0.620715
1 0.209762 0.688867 0.019793 0.033474 0.618678
1 0.344498 0.771178 0.0276031 0.0241232 0.604919
1 0.83109 0.744232 0.0321892 0.0410357 0.579316
1 0.265095 0.638493 0.0169191 0.0492666 0.539404
1 0.95814 0.530061 0.0173088 0.0326846 0.503454
1 0.595339 0.46711 0.0249006 0.0387061 0.491708
1 0.760938 0.592229 0.0213266 0.02592 0.462014
1 0.336979 0.787162 0.0183657 0.0299611 0.437975
1 0.943757 0.527141 0.0145944 0.0334437 0.419875
1 0.794384 0.515574 0.0244305 0.0293495 0.34529
