1 0.830728 0.48281 0.044051 0.0797485 0.874221
1 0.950026 0.79206 0.0307968 0.0393984 0.85069
1 0.484461 0.298079 0.0731201 0.0996642 0.844485
1 0.406157 0.869823 0.0549765 0.0867002 0.834418
1 0.4878 0.528667 0.0592035 0.0889362 0.833955
1 0.535273 0.706258 0.0475828 0.108056 0.831711
1 0.512313 0.787072 0.0536816 0.0786456 0.827074
1 0.506044 0.676462 0.056509 0.106276 0.824898
1 0.575414 0.67049 0.061665 0.074192 0.817546
1 0.476684 0.740836 0.0501024 0.0705249 0.804593
1 0.976782 0.815968 0.0281485 0.0493751 0.799128
1 0.985121 0.787454 0.0290108 0.029938 0.787251
1 0.403454 0.319164 0.0438265 0.0781124 0.781096
1 0.969468 0.611528 0.0326145 0.0610043 0.773486
1 0.947809 0.733804 0.028521 0.0429988 0.769624
1 0.935558 0.836441 0.0202763 0.0456185 0.754142
2 0.979058 0.351245 0.034108 0.0611388 0.746754
1 0.955537 0.830262 0.0245863 0.043489 0.722239
1 0.988653 0.761806 0.022633 0.0367134 0.685
2 0.949826 0.767261 0.0287437 0.0281628 0.680963
0 0.990498 0.483677 0.0190035 0.0452451 0.381784
1 0.830654 0.482812 0.0439827 0.0795687 0.87405
1 0.950099 0.792039 0.0308151 0.0393639 0.848416
1 0.484472 0.298341 0.0730528 0.0994806 0.841177
1 0.487752 0.528776 0.0595697 0.08955 0.832758
1 0.535268 0.706228 0.0474501 0.107978 0.832676
1 0.406156 0.869898 0.0550307 0.0862713 0.83151
1 0.512251 0.786934 0.0534559 0.078302 0.829852
1 0.506149 0.676389 0.0561075 0.10591 0.82081
1 0.575385 0.670376 0.0616038 0.0741524 0.816653
1 0.476336 0.740865 0.0503502 0.0707502 0.806336
1 0.976764 0.815881 0.0281055 0.049279 0.799139
1 0.985109 0.787465 0.0290546 0.0299797 0.78002
1 0.969473 0.611455 0.0322723 0.0606239 0.775868
1 0.403408 0.319259 0.044262 0.0786101 0.775041
1 0.947756 0.733908 0.0282555 0.0426568 0.772264
2 0.979408 0.351161 0.0358063 0.0609785 0.759133
1 0.935554 0.836384 0.0203148 0.04559 0.744478
1 0.955467 0.83027 0.0245289 0.0435007 0.721635
1 0.988669 0.761783 0.0225941 0.036703 0.683056
2 0.949859 0.767271 0.0287117 0.0282418 0.680984
0 0.990658 0.483453 0.0186835 0.0444728 0.349862
1 0.830654 0.482812 0.0439827 0.0795687 0.87405
1 0.950099 0.792039 0.0308151 0.0393639 0.848416
1 0.484472 0.298341 0.0730528 0.0994806 0.841177
1 0.487752 0.528776 0.0595697 0.08955 0.832758
1 0.535268 0.706228 0.0474501 0.107978 0.832676
1 0.406156 0.869898 0.0550307 0.0862713 0.83151
1 0.512251 0.786934 0.0534559 0.078302 0.829852
1 0.506149 0.676389 0.0561075 0.10591 0.82081
1 0.575385 0.670376 0.0616038 0.0741524 0.816653
1 0.476336 0.740865 0.0503502 0.0707502 0.806336
1 0.976764 0.815881 0.0281055 0.049279 0.799139
1 0.985109 0.787465 0.0290546 0.0299797 0.78002
1 0.969473 0.611455 0.0322723 0.0606239 0.775868
1 0.403408 0.319259 0.044262 0.0786101 0.775041
1 0.947756 0.733908 0.0282555 0.0426568 0.772264
2 0.979408 0.351161 0.0358063 0.0609785 0.759133
1 0.935554 0.836384 0.0203148 0.04559 0.744478
1 0.955467 0.83027 0.0245289 0.0435007 0.721635
1 0.988669 0.761783 0.0225941 0.036703 0.683056
2 0.949859 0.767271 0.0287117 0.0282418 0.680984
0 0.990658 0.483453 0.0186835 0.0444728 0.349862
1 0.830654 0.482812 0.0439827 0.0795687 0.87405
1 0.950099 0.792039 0.0308151 0.0393639 0.848416
1 0.484472 0.298341 0.0730528 0.0994806 0.841177
1 0.487752 0.528776 0.0595697 0.08955 0.832758
1 0.535268 0.706228 0.0474501 0.107978 0.832676
1 0.406156 0.869898 0.0550307 0.0862713 0.83151
1 0.512251 0.786934 0.0534559 0.078302 0.829852
1 0.506149 0.676389 0.0561075 0.10591 0.82081
1 0.575385 0.670376 0.0616038 0.0741524 0.816653
1 0.476336 0.740865 0.0503502 0.0707502 0.806336
1 0.976764 0.815881 0.0281055 0.049279 0.799139
1 0.985109 0.787465 0.0290546 0.0299797 0.78002
1 0.969473 0.611455 0.0322723 0.0606239 0.775868
1 0.403408 0.319259 0.044262 0.0786101 0.775041
1 0.947756 0.733908 0.0282555 0.0426568 0.772264
2 0.979408 0.351161 0.0358063 0.0609785 0.759133
1 0.935554 0.836384 0.0203148 0.04559 0.744478
1 0.955467 0.83027 0.0245289 0.0435007 0.721635
1 0.988669 0.761783 0.0225941 0.036703 0.683056
2 0.949859 0.767271 0.0287117 0.0282418 0.680984
0 0.990658 0.483453 0.0186835 0.0444728 0.349862
