3 0.469895 0.626406 0.0483256 0.0631153 0.810882
1 0.573391 0.661773 0.0439434 0.0871756 0.734344
1 0.51923 0.709778 0.0409246 0.0625887 0.662456
0 0.234966 0.384574 0.0242581 0.0433165 0.438142
1 0.298458 0.557993 0.0291039 0.048289 0.434952
0 0.594818 0.597182 0.0209581 0.0335502 0.370122
0 0.167 0.531378 0.0155881 0.026504 0.358959
3 0.469879 0.626507 0.0483376 0.0631183 0.810751
1 0.573226 0.661331 0.0437662 0.0876998 0.717077
1 0.519186 0.709895 0.040873 0.0625967 0.675284
0 0.235002 0.384555 0.0243217 0.0430776 0.443467
1 0.298194 0.55769 0.0293145 0.0489508 0.434394
0 0.59483 0.597165 0.0212198 0.0338189 0.419607
0 0.167044 0.531399 0.0157808 0.0265583 0.358732
0 0.144695 0.534194 0.01437 0.022807 0.288121
0 0.298372 0.558118 0.0297965 0.0477633 0.26766
3 0.469879 0.626507 0.0483376 0.0631183 0.810751
1 0.573226 0.661331 0.0437662 0.0876998 0.717077
1 0.519186 0.709895 0.040873 0.0625967 0.675284
0 0.235002 0.384555 0.0243217 0.0430776 0.443467
1 0.298194 0.55769 0.0293145 0.0489508 0.434394
0 0.59483 0.597165 0.0212198 0.0338189 0.419607
0 0.167044 0.531399 0.0157808 0.0265583 0.358732
0 0.144695 0.534194 0.01437 0.022807 0.288121
0 0.298372 0.558118 0.0297965 0.0477633 0.26766
3 0.469879 0.626507 0.0483376 0.0631183 0.810751
1 0.573226 0.661331 0.0437662 0.0876998 0.717077
1 0.519186 0.709895 0.040873 0.0625967 0.675284
0 0.235002 0.384555 0.0243217 0.0430776 0.443467
1 0.298194 0.55769 0.0293145 0.0489508 0.434394
0 0.59483 0.597165 0.0212198 0.0338189 0.419607
0 0.167044 0.531399 0.0157808 0.0265583 0.358732
0 0.144695 0.534194 0.01437 0.022807 0.288121
0 0.298372 0.558118 0.0297965 0.0477633 0.26766
