4 0.516921 0.0734931 0.219768 0.146986 0.858013
4 0.139974 0.105418 0.279948 0.206948 0.816647
4 0.395468 0.674899 0.785529 0.647292 0.766723
4 0.265887 0.296097 0.496353 0.313231 0.732063
4 0.883662 0.0847384 0.232676 0.169385 0.630086
4 0.647378 0.278148 0.171864 0.208949 0.570035
4 0.86098 0.566469 0.277771 0.85978 0.536474
4 0.516582 0.0736404 0.220373 0.147281 0.835051
4 0.139784 0.105874 0.279567 0.206868 0.810893
4 0.398698 0.670791 0.791748 0.656521 0.75294
4 0.265869 0.295191 0.498212 0.307119 0.725604
4 0.883929 0.0852843 0.232141 0.169035 0.632052
4 0.647858 0.278284 0.173712 0.208409 0.550465
4 0.863852 0.565582 0.27164 0.852659 0.54945
4 0.516582 0.0736404 0.220373 0.147281 0.835051
4 0.139784 0.105874 0.279567 0.206868 0.810893
4 0.398698 0.670791 0.791748 0.656521 0.75294
4 0.265869 0.295191 0.498212 0.307119 0.725604
4 0.883929 0.0852843 0.232141 0.169035 0.632052
4 0.647858 0.278284 0.173712 0.208409 0.550465
4 0.863852 0.565582 0.27164 0.852659 0.54945
4 0.516582 0.0736404 0.220373 0.147281 0.835051
4 0.139784 0.105874 0.279567 0.206868 0.810893
4 0.398698 0.670791 0.791748 0.656521 0.75294
4 0.265869 0.295191 0.498212 0.307119 0.725604
4 0.883929 0.0852843 0.232141 0.169035 0.632052
4 0.647858 0.278284 0.173712 0.208409 0.550465
4 0.863852 0.565582 0.27164 0.852659 0.54945
