4 0.379041 0.421246 0.451292 0.840742 0.915383
4 0.72962 0.18544 0.297579 0.362174 0.887882
4 0.6982 0.545127 0.259403 0.35295 0.823619
4 0.0703636 0.126863 0.13973 0.253331 0.390672
4 0.0429035 0.606455 0.0857614 0.554068 0.306557
4 0.377857 0.429425 0.4536 0.858622 0.912776
4 0.727587 0.181122 0.298721 0.360901 0.887205
4 0.698404 0.543007 0.259791 0.347496 0.835177
4 0.0286005 0.526308 0.057201 0.380977 0.321081
4 0.0451164 0.606542 0.0901989 0.540705 0.312191
4 0.377857 0.429425 0.4536 0.858622 0.912776
4 0.727587 0.181122 0.298721 0.360901 0.887205
4 0.698404 0.543007 0.259791 0.347496 0.835177
4 0.0286005 0.526308 0.057201 0.380977 0.321081
4 0.0451164 0.606542 0.0901989 0.540705 0.312191
4 0.377857 0.429425 0.4536 0.858622 0.912776
4 0.727587 0.181122 0.298721 0.360901 0.887205
4 0.698404 0.543007 0.259791 0.347496 0.835177
4 0.0286005 0.526308 0.057201 0.380977 0.321081
4 0.0451164 0.606542 0.0901989 0.540705 0.312191
