2 0.478422 0.379494 0.0173944 0.0463797 0.732736
2 0.560085 0.638301 0.0217453 0.0349535 0.726032
2 0.551757 0.358242 0.0167416 0.0298708 0.65076
2 0.605559 0.783303 0.0197857 0.0483309 0.649089
2 0.520082 0.633218 0.0173916 0.0342194 0.43555
2 0.544339 0.675332 0.0177647 0.022175 0.387312
2 0.478442 0.379382 0.0173218 0.0460756 0.734805
2 0.560099 0.638227 0.0216068 0.0348696 0.729854
2 0.605499 0.783313 0.0197092 0.0482931 0.665356
2 0.551764 0.358273 0.0166729 0.029535 0.66121
2 0.520093 0.633254 0.0175029 0.0341787 0.410654
2 0.544321 0.675272 0.0176201 0.0219217 0.367338
4 0.817559 0.482971 0.363676 0.957166 0.272047
2 0.478442 0.379382 0.0173218 0.0460756 0.734805
2 0.560099 0.638227 0.0216068 0.0348696 0.729854
2 0.605499 0.783313 0.0197092 0.0482931 0.665356
2 0.551764 0.358273 0.0166729 0.029535 0.66121
2 0.520093 0.633254 0.0175029 0.0341787 0.410654
2 0.544321 0.675272 0.0176201 0.0219217 0.367338
4 0.817559 0.482971 0.363676 0.957166 0.272047
2 0.478442 0.379382 0.0173218 0.0460756 0.734805
2 0.560099 0.638227 0.0216068 0.0348696 0.729854
2 0.605499 0.783313 0.0197092 0.0482931 0.665356
2 0.551764 0.358273 0.0166729 0.029535 0.66121
2 0.520093 0.633254 0.0175029 0.0341787 0.410654
2 0.544321 0.675272 0.0176201 0.0219217 0.367338
4 0.817559 0.482971 0.363676 0.957166 0.272047
