1 0.779206 0.521917 0.039448 0.0454874 0.897376
1 0.711006 0.849448 0.025736 0.0527533 0.887785
1 0.595467 0.634374 0.039356 0.0659391 0.870569
0 0.663893 0.721568 0.0410853 0.0450233 0.859423
1 0.673907 0.74872 0.0338332 0.0753423 0.831824
1 0.746951 0.646627 0.0214425 0.0630506 0.753341
0 0.645326 0.401781 0.0181699 0.047521 0.502737
1 0.77923 0.521912 0.0393002 0.0454264 0.896624
1 0.710965 0.849506 0.0257684 0.0528802 0.885348
1 0.595386 0.634284 0.0395612 0.0664355 0.866775
0 0.663834 0.721574 0.0412191 0.0451306 0.860605
1 0.673983 0.748661 0.0340179 0.0755531 0.830825
1 0.746972 0.646552 0.0214553 0.0631575 0.745096
0 0.645248 0.401839 0.0185566 0.0480004 0.487177
1 0.77923 0.521912 0.0393002 0.0454264 0.896624
1 0.710965 0.849506 0.0257684 0.0528802 0.885348
1 0.595386 0.634284 0.0395612 0.0664355 0.866775
0 0.663834 0.721574 0.0412191 0.0451306 0.860605
1 0.673983 0.748661 0.0340179 0.0755531 0.830825
1 0.746972 0.646552 0.0214553 0.0631575 0.745096
0 0.645248 0.401839 0.0185566 0.0480004 0.487177
1 0.77923 0.521912 0.0393002 0.0454264 0.896624
1 0.710965 0.849506 0.0257684 0.0528802 0.885348
1 0.595386 0.634284 0.0395612 0.0664355 0.866775
0 0.663834 0.721574 0.0412191 0.0451306 0.860605
1 0.673983 0.748661 0.0340179 0.0755531 0.830825
1 0.746972 0.646552 0.0214553 0.0631575 0.745096
0 0.645248 0.401839 0.0185566 0.0480004 0.487177
