0 0.476335 0.73136 0.0632843 0.0888998 0.832838
2 0.413178 0.641999 0.0357528 0.056038 0.760288
0 0.585254 0.813044 0.0768127 0.109078 0.689475
0 0.485828 0.66027 0.0512791 0.078264 0.609586
0 0.859834 0.538608 0.0154968 0.0320701 0.369724
0 0.476437 0.731343 0.0631741 0.0889728 0.832777
2 0.413113 0.641983 0.0356895 0.0559962 0.775709
0 0.585275 0.813307 0.0769737 0.109505 0.719804
0 0.485832 0.660233 0.05092 0.0781736 0.591883
0 0.859814 0.538623 0.0156464 0.0320493 0.360535
0 0.476437 0.731343 0.0631741 0.0889728 0.832777
2 0.413113 0.641983 0.0356895 0.0559962 0.775709
0 0.585275 0.813307 0.0769737 0.109505 0.719804
0 0.485832 0.660233 0.05092 0.0781736 0.591883
0 0.859814 0.538623 0.0156464 0.0320493 0.360535
0 0.476437 0.731343 0.0631741 0.0889728 0.832777
2 0.413113 0.641983 0.0356895 0.0559962 0.775709
0 0.585275 0.813307 0.0769737 0.109505 0.719804
0 0.485832 0.660233 0.05092 0.0781736 0.591883
0 0.859814 0.538623 0.0156464 0.0320493 0.360535
