4 0.379791 0.775057 0.210073 0.44053 0.802754
4 0.719947 0.763065 0.174533 0.431981 0.722138
4 0.483619 0.205107 0.22848 0.383029 0.671272
4 0.900408 0.750513 0.194661 0.433468 0.640779
4 0.885244 0.2026 0.216929 0.370066 0.602341
4 0.68318 0.21511 0.162455 0.399987 0.584203
4 0.379373 0.773815 0.209657 0.440486 0.809829
4 0.719618 0.76002 0.176328 0.435344 0.759398
4 0.483709 0.204328 0.229744 0.382677 0.663809
4 0.897459 0.75891 0.201998 0.447425 0.647467
4 0.884657 0.203076 0.216356 0.370088 0.629086
4 0.683833 0.214879 0.163342 0.400348 0.560269
4 0.810985 0.204907 0.0901704 0.371309 0.269994
4 0.379373 0.773815 0.209657 0.440486 0.809829
4 0.719618 0.76002 0.176328 0.435344 0.759398
4 0.483709 0.204328 0.229744 0.382677 0.663809
4 0.897459 0.75891 0.201998 0.447425 0.647467
4 0.884657 0.203076 0.216356 0.370088 0.629086
4 0.683833 0.214879 0.163342 0.400348 0.560269
4 0.810985 0.204907 0.0901704 0.371309 0.269994
4 0.379373 0.773815 0.209657 0.440486 0.809829
4 0.719618 0.76002 0.176328 0.435344 0.759398
4 0.483709 0.204328 0.229744 0.382677 0.663809
4 0.897459 0.75891 0.201998 0.447425 0.647467
4 0.884657 0.203076 0.216356 0.370088 0.629086
4 0.683833 0.214879 0.163342 0.400348 0.560269
4 0.810985 0.204907 0.0901704 0.371309 0.269994
