3 0.752004 0.654988 0.071373 0.125726 0.88881
1 0.532724 0.646778 0.0775695 0.083745 0.786512
1 0.839978 0.424777 0.074099 0.16586 0.783598
1 0.633946 0.786833 0.053894 0.102247 0.777642
1 0.765801 0.52866 0.068382 0.145347 0.760094
1 0.975562 0.156064 0.0488766 0.195803 0.553935
3 0.751706 0.65509 0.0693936 0.125425 0.887842
1 0.532855 0.646669 0.0773364 0.0831282 0.793762
1 0.83968 0.424765 0.072879 0.164975 0.782208
1 0.633925 0.78691 0.0537085 0.102036 0.778807
1 0.765555 0.528665 0.0676012 0.144516 0.753878
1 0.97638 0.155373 0.047239 0.192988 0.550543
3 0.751706 0.65509 0.0693936 0.125425 0.887842
1 0.532855 0.646669 0.0773364 0.0831282 0.793762
1 0.83968 0.424765 0.072879 0.164975 0.782208
1 0.633925 0.78691 0.0537085 0.102036 0.778807
1 0.765555 0.528665 0.0676012 0.144516 0.753878
1 0.97638 0.155373 0.047239 0.192988 0.550543
3 0.751706 0.65509 0.0693936 0.125425 0.887842
1 0.532855 0.646669 0.0773364 0.0831282 0.793762
1 0.83968 0.424765 0.072879 0.164975 0.782208
1 0.633925 0.78691 0.0537085 0.102036 0.778807
1 0.765555 0.528665 0.0676012 0.144516 0.753878
1 0.97638 0.155373 0.047239 0.192988 0.550543
