1 0.666716 0.464286 0.0422356 0.0900082 0.846387
3 0.548285 0.29691 0.0349432 0.0841275 0.845119
1 0.262479 0.226542 0.055807 0.0729609 0.819394
1 0.52159 0.285976 0.0335955 0.0821014 0.791042
1 0.316381 0.250228 0.0614124 0.109275 0.785935
1 0.237026 0.377264 0.0475033 0.0787546 0.780767
2 0.723256 0.557662 0.0393402 0.0802624 0.747565
1 0.268386 0.283936 0.0467249 0.0747887 0.736859
1 0.270515 0.339919 0.0489955 0.088755 0.655586
0 0.516713 0.368106 0.0282554 0.0433536 0.402506
1 0.516866 0.368437 0.0292616 0.0434499 0.303987
1 0.666748 0.464368 0.0419553 0.089713 0.847436
3 0.548299 0.296828 0.0349306 0.0843296 0.845403
1 0.262691 0.226659 0.0549743 0.072952 0.816752
1 0.521578 0.285945 0.033567 0.0823751 0.787716
1 0.31643 0.250386 0.0619009 0.109213 0.785721
1 0.237005 0.377288 0.0475296 0.0795617 0.768342
2 0.723275 0.557622 0.038669 0.0799281 0.749286
1 0.268406 0.283903 0.0467396 0.0748852 0.742891
1 0.270361 0.339693 0.0486694 0.0895745 0.622224
0 0.516629 0.368342 0.027813 0.0426733 0.377819
1 0.516756 0.368733 0.0287617 0.0426832 0.271397
1 0.666748 0.464368 0.0419553 0.089713 0.847436
3 0.548299 0.296828 0.0349306 0.0843296 0.845403
1 0.262691 0.226659 0.0549743 0.072952 0.816752
1 0.521578 0.285945 0.033567 0.0823751 0.787716
1 0.31643 0.250386 0.0619009 0.109213 0.785721
1 0.237005 0.377288 0.0475296 0.0795617 0.768342
2 0.723275 0.557622 0.038669 0.0799281 0.749286
1 0.268406 0.283903 0.0467396 0.0748852 0.742891
1 0.270361 0.339693 0.0486694 0.0895745 0.622224
0 0.516629 0.368342 0.027813 0.0426733 0.377819
1 0.516756 0.368733 0.0287617 0.0426832 0.271397
1 0.666748 0.464368 0.0419553 0.089713 0.847436
3 0.548299 0.296828 0.0349306 0.0843296 0.845403
1 0.262691 0.226659 0.0549743 0.072952 0.816752
1 0.521578 0.285945 0.033567 0.0823751 0.787716
1 0.31643 0.250386 0.0619009 0.109213 0.785721
1 0.237005 0.377288 0.0475296 0.0795617 0.768342
2 0.723275 0.557622 0.038669 0.0799281 0.749286
1 0.268406 0.283903 0.0467396 0.0748852 0.742891
1 0.270361 0.339693 0.0486694 0.0895745 0.622224
0 0.516629 0.368342 0.027813 0.0426733 0.377819
1 0.516756 0.368733 0.0287617 0.0426832 0.271397
