0 0.402804 0.668079 0.0403559 0.065571 0.712942
1 0.143587 0.113405 0.0804618 0.166165 0.598201
0 0.364914 0.698452 0.0343132 0.0351889 0.580056
0 0.402725 0.667955 0.0405737 0.0653563 0.718771
0 0.36462 0.698364 0.0334459 0.035606 0.600148
1 0.143388 0.114167 0.076015 0.16289 0.546149
0 0.402725 0.667955 0.0405737 0.0653563 0.718771
0 0.36462 0.698364 0.0334459 0.035606 0.600148
1 0.143388 0.114167 0.076015 0.16289 0.546149
0 0.402725 0.667955 0.0405737 0.0653563 0.718771
0 0.36462 0.698364 0.0334459 0.035606 0.600148
1 0.143388 0.114167 0.076015 0.16289 0.546149
