1 0.623771 0.842351 0.0475709 0.109866 0.805822
0 0.808429 0.433685 0.0311476 0.0237936 0.591446
0 0.808403 0.452626 0.0359335 0.0300948 0.575993
0 0.786605 0.458666 0.0202814 0.0392603 0.421603
1 0.623783 0.842456 0.0475613 0.109821 0.807272
0 0.808421 0.433717 0.0311585 0.0237345 0.567664
0 0.808378 0.452541 0.0358749 0.0301509 0.550918
0 0.786561 0.458742 0.0203934 0.0396138 0.401815
1 0.623783 0.842456 0.0475613 0.109821 0.807272
0 0.808421 0.433717 0.0311585 0.0237345 0.567664
0 0.808378 0.452541 0.0358749 0.0301509 0.550918
0 0.786561 0.458742 0.0203934 0.0396138 0.401815
1 0.623783 0.842456 0.0475613 0.109821 0.807272
0 0.808421 0.433717 0.0311585 0.0237345 0.567664
0 0.808378 0.452541 0.0358749 0.0301509 0.550918
0 0.786561 0.458742 0.0203934 0.0396138 0.401815
