1 0.523842 0.749933 0.0875454 0.132351 0.845132
1 0.39858 0.720487 0.0766046 0.101243 0.843437
1 0.490805 0.852246 0.0717697 0.143501 0.834531
1 0.849852 0.0433952 0.0494848 0.0802303 0.830526
1 0.652427 0.597695 0.053857 0.116716 0.780508
1 0.714523 0.51155 0.0408075 0.0643233 0.467692
1 0.524343 0.750446 0.0885443 0.13545 0.839387
1 0.398601 0.720307 0.0763584 0.102211 0.836386
1 0.490618 0.85204 0.0720654 0.144006 0.834624
1 0.652377 0.5979 0.0537762 0.116666 0.785061
1 0.849894 0.0434843 0.04981 0.0806351 0.764851
1 0.714172 0.512032 0.0406889 0.0636926 0.501665
1 0.524343 0.750446 0.0885443 0.13545 0.839387
1 0.398601 0.720307 0.0763584 0.102211 0.836386
1 0.490618 0.85204 0.0720654 0.144006 0.834624
1 0.652377 0.5979 0.0537762 0.116666 0.785061
1 0.849894 0.0434843 0.04981 0.0806351 0.764851
1 0.714172 0.512032 0.0406889 0.0636926 0.501665
1 0.524343 0.750446 0.0885443 0.13545 0.839387
1 0.398601 0.720307 0.0763584 0.102211 0.836386
1 0.490618 0.85204 0.0720654 0.144006 0.834624
1 0.652377 0.5979 0.0537762 0.116666 0.785061
1 0.849894 0.0434843 0.04981 0.0806351 0.764851
1 0.714172 0.512032 0.0406889 0.0636926 0.501665
