1 0.216354 0.295005 0.0458797 0.0570089 0.794512
1 0.0527719 0.404096 0.0383776 0.0847555 0.715971
1 0.236268 0.45717 0.0246819 0.0398621 0.702929
2 0.275536 0.451669 0.022776 0.0351268 0.640224
2 0.265005 0.398406 0.0228479 0.0358055 0.542013
1 0.216292 0.294831 0.0451777 0.0566693 0.795898
1 0.0532741 0.404423 0.0385317 0.0838374 0.715491
1 0.236157 0.457182 0.0252921 0.0405689 0.706702
2 0.275533 0.451628 0.0228716 0.0351152 0.643947
2 0.265038 0.398361 0.022937 0.0359253 0.501606
2 0.308444 0.312994 0.0235762 0.0488769 0.310631
1 0.234069 0.516779 0.0179366 0.028081 0.265917
1 0.216292 0.294831 0.0451777 0.0566693 0.795898
1 0.0532741 0.404423 0.0385317 0.0838374 0.715491
1 0.236157 0.457182 0.0252921 0.0405689 0.706702
2 0.275533 0.451628 0.0228716 0.0351152 0.643947
2 0.265038 0.398361 0.022937 0.0359253 0.501606
2 0.308444 0.312994 0.0235762 0.0488769 0.310631
1 0.234069 0.516779 0.0179366 0.028081 0.265917
1 0.216292 0.294831 0.0451777 0.0566693 0.795898
1 0.0532741 0.404423 0.0385317 0.0838374 0.715491
1 0.236157 0.457182 0.0252921 0.0405689 0.706702
2 0.275533 0.451628 0.0228716 0.0351152 0.643947
2 0.265038 0.398361 0.022937 0.0359253 0.501606
2 0.308444 0.312994 0.0235762 0.0488769 0.310631
1 0.234069 0.516779 0.0179366 0.028081 0.265917
