2 0.170138 0.073259 0.0244659 0.0395933 0.761511
2 0.534237 0.729434 0.0326723 0.0521794 0.671402
2 0.743116 0.497668 0.0342724 0.0567423 0.669581
2 0.555819 0.69698 0.0357821 0.054992 0.624644
2 0.58627 0.317014 0.0288593 0.0516158 0.451693
2 0.538752 0.0176811 0.0310911 0.0351769 0.438833
2 0.170005 0.0726173 0.0249765 0.0407192 0.729367
2 0.743112 0.497482 0.0342947 0.0571345 0.666639
2 0.53425 0.729525 0.032379 0.0524367 0.659402
2 0.555727 0.69675 0.0360716 0.0552577 0.627156
2 0.586364 0.317457 0.0294592 0.0526713 0.410804
2 0.539429 0.0183038 0.0328281 0.035894 0.302675
2 0.170005 0.0726173 0.0249765 0.0407192 0.729367
2 0.743112 0.497482 0.0342947 0.0571345 0.666639
2 0.53425 0.729525 0.032379 0.0524367 0.659402
2 0.555727 0.69675 0.0360716 0.0552577 0.627156
2 0.586364 0.317457 0.0294592 0.0526713 0.410804
2 0.539429 0.0183038 0.0328281 0.035894 0.302675
2 0.170005 0.0726173 0.0249765 0.0407192 0.729367
2 0.743112 0.497482 0.0342947 0.0571345 0.666639
2 0.53425 0.729525 0.032379 0.0524367 0.659402
2 0.555727 0.69675 0.0360716 0.0552577 0.627156
2 0.586364 0.317457 0.0294592 0.0526713 0.410804
2 0.539429 0.0183038 0.0328281 0.035894 0.302675
