1 0.762675 0.510693 0.0538078 0.132847 0.835618
1 0.802809 0.502098 0.0585896 0.0927991 0.821664
0 0.765829 0.265086 0.0551607 0.0859528 0.781083
1 0.70208 0.496708 0.0820103 0.11851 0.778255
0 0.759382 0.162535 0.0438776 0.0401039 0.754438
0 0.689677 0.625685 0.0430304 0.0904665 0.646625
0 0.682131 0.286142 0.0472102 0.049483 0.540481
1 0.762676 0.510757 0.0541402 0.133587 0.83707
1 0.802923 0.502072 0.0589151 0.0935634 0.820851
1 0.702153 0.497083 0.0821176 0.119348 0.776085
0 0.765831 0.265341 0.0553566 0.0866064 0.756075
0 0.759326 0.162507 0.0438782 0.0401473 0.717047
0 0.689699 0.625436 0.043962 0.0911615 0.648279
0 0.682109 0.286583 0.0475252 0.051106 0.376596
1 0.762676 0.510757 0.0541402 0.133587 0.83707
1 0.802923 0.502072 0.0589151 0.0935634 0.820851
1 0.702153 0.497083 0.0821176 0.119348 0.776085
0 0.765831 0.265341 0.0553566 0.0866064 0.756075
0 0.759326 0.162507 0.0438782 0.0401473 0.717047
0 0.689699 0.625436 0.043962 0.0911615 0.648279
0 0.682109 0.286583 0.0475252 0.051106 0.376596
1 0.762676 0.510757 0.0541402 0.133587 0.83707
1 0.802923 0.502072 0.0589151 0.0935634 0.820851
1 0.702153 0.497083 0.0821176 0.119348 0.776085
0 0.765831 0.265341 0.0553566 0.0866064 0.756075
0 0.759326 0.162507 0.0438782 0.0401473 0.717047
0 0.689699 0.625436 0.043962 0.0911615 0.648279
0 0.682109 0.286583 0.0475252 0.051106 0.376596
