1 0.188204 0.465259 0.0623422 0.0965016 0.858205
1 0.846793 0.6305 0.0498015 0.0911007 0.852637
1 0.590562 0.777851 0.052553 0.0930854 0.846341
1 0.375186 0.563656 0.0422911 0.0781572 0.817284
1 0.564349 0.303189 0.0350349 0.0731991 0.787694
3 0.607368 0.257648 0.0428175 0.0763889 0.785248
1 0.578477 0.719321 0.0487873 0.0586092 0.785134
1 0.76296 0.479084 0.05179 0.0822195 0.78384
1 0.756865 0.809558 0.043203 0.0869849 0.783349
1 0.962215 0.551468 0.0401785 0.0740299 0.707812
1 0.888336 0.601191 0.0353947 0.0579467 0.664386
1 0.12165 0.627086 0.0208393 0.0293146 0.57582
1 0.459669 0.735842 0.0172215 0.0311749 0.485556
1 0.185109 0.566131 0.0196919 0.0355265 0.430113
2 0.309911 0.547924 0.0179559 0.0286176 0.394428
2 0.0672074 0.732729 0.0177702 0.0298847 0.352375
1 0.188146 0.465179 0.0630059 0.0960524 0.863466
1 0.846793 0.630316 0.0501167 0.0917173 0.845898
1 0.590798 0.777886 0.0528809 0.0929838 0.841462
1 0.375229 0.563505 0.0423449 0.0782163 0.812978
3 0.607226 0.257611 0.0428305 0.0758465 0.788534
1 0.564403 0.303409 0.0356016 0.0733337 0.783816
1 0.756778 0.809442 0.0430885 0.0873537 0.774547
1 0.578482 0.719193 0.0487718 0.0585116 0.772043
1 0.762804 0.479415 0.0529661 0.0819025 0.762617
1 0.96213 0.551499 0.0404285 0.0744745 0.69892
1 0.8884 0.600987 0.0356522 0.0587743 0.660824
1 0.121695 0.627109 0.0210601 0.0295894 0.596099
1 0.459622 0.735985 0.0174498 0.0310484 0.481474
1 0.185108 0.566154 0.0197602 0.0357054 0.426878
2 0.309907 0.547912 0.0181782 0.0282884 0.419277
2 0.0672117 0.732641 0.0179243 0.0301434 0.405565
1 0.360472 0.713795 0.0138085 0.0256393 0.332105
1 0.483133 0.751586 0.0183017 0.025463 0.295459
1 0.0428545 0.72734 0.0160941 0.0292549 0.252253
1 0.188146 0.465179 0.0630059 0.0960524 0.863466
1 0.846793 0.630316 0.0501167 0.0917173 0.845898
1 0.590798 0.777886 0.0528809 0.0929838 0.841462
1 0.375229 0.563505 0.0423449 0.0782163 0.812978
3 0.607226 0.257611 0.0428305 0.0758465 0.788534
1 0.564403 0.303409 0.0356016 0.0733337 0.783816
1 0.756778 0.809442 0.0430885 0.0873537 0.774547
1 0.578482 0.719193 0.0487718 0.0585116 0.772043
1 0.762804 0.479415 0.0529661 0.0819025 0.762617
1 0.96213 0.551499 0.0404285 0.0744745 0.69892
1 0.8884 0.600987 0.0356522 0.0587743 0.660824
1 0.121695 0.627109 0.0210601 0.0295894 0.596099
1 0.459622 0.735985 0.0174498 0.0310484 0.481474
1 0.185108 0.566154 0.0197602 0.0357054 0.426878
2 0.309907 0.547912 0.0181782 0.0282884 0.419277
2 0.0672117 0.732641 0.0179243 0.0301434 0.405565
1 0.360472 0.713795 0.0138085 0.0256393 0.332105
1 0.483133 0.751586 0.0183017 0.025463 0.295459
1 0.0428545 0.72734 0.0160941 0.0292549 0.252253
1 0.188146 0.465179 0.0630059 0.0960524 0.863466
1 0.846793 0.630316 0.0501167 0.0917173 0.845898
1 0.590798 0.777886 0.0528809 0.0929838 0.841462
1 0.375229 0.563505 0.0423449 0.0782163 0.812978
3 0.607226 0.257611 0.0428305 0.0758465 0.788534
1 0.564403 0.303409 0.0356016 0.0733337 0.783816
1 0.756778 0.809442 0.0430885 0.0873537 0.774547
1 0.578482 0.719193 0.0487718 0.0585116 0.772043
1 0.762804 0.479415 0.0529661 0.0819025 0.762617
1 0.96213 0.551499 0.0404285 0.0744745 0.69892
1 0.8884 0.600987 0.0356522 0.0587743 0.660824
1 0.121695 0.627109 0.0210601 0.0295894 0.596099
1 0.459622 0.735985 0.0174498 0.0310484 0.481474
1 0.185108 0.566154 0.0197602 0.0357054 0.426878
2 0.309907 0.547912 0.0181782 0.0282884 0.419277
2 0.0672117 0.732641 0.0179243 0.0301434 0.405565
1 0.360472 0.713795 0.0138085 0.0256393 0.332105
1 0.483133 0.751586 0.0183017 0.025463 0.295459
1 0.0428545 0.72734 0.0160941 0.0292549 0.252253
