4 0.303649 0.37903 0.469053 0.754819 0.822504
4 0.79859 0.402722 0.400028 0.761577 0.440574
1 0.276558 0.922737 0.0363745 0.0462677 0.415947
4 0.303842 0.374633 0.465063 0.748903 0.849429
1 0.276703 0.922104 0.0360653 0.0431877 0.476463
4 0.789927 0.404107 0.416817 0.757807 0.40992
1 0.244638 0.953179 0.0316048 0.0453688 0.270459
4 0.303842 0.374633 0.465063 0.748903 0.849429
1 0.276703 0.922104 0.0360653 0.0431877 0.476463
4 0.789927 0.404107 0.416817 0.757807 0.40992
1 0.244638 0.953179 0.0316048 0.0453688 0.270459
4 0.303842 0.374633 0.465063 0.748903 0.849429
1 0.276703 0.922104 0.0360653 0.0431877 0.476463
4 0.789927 0.404107 0.416817 0.757807 0.40992
1 0.244638 0.953179 0.0316048 0.0453688 0.270459
