1 0.743814 0.420822 0.0444767 0.0739667 0.818086
1 0.517558 0.0949301 0.0557931 0.0985568 0.774285
0 0.747898 0.343546 0.057205 0.054361 0.750769
3 0.910796 0.505371 0.029673 0.0513795 0.714513
1 0.949655 0.936466 0.041505 0.0676045 0.689806
3 0.882377 0.653213 0.0305742 0.0478959 0.625291
1 0.583631 0.606601 0.0144257 0.0244218 0.346555
0 0.625686 0.479064 0.017703 0.0319995 0.305267
1 0.743741 0.420669 0.0449988 0.0744397 0.811235
1 0.517509 0.0950373 0.0559727 0.0989152 0.774017
0 0.748166 0.341901 0.0559311 0.0519413 0.750561
3 0.910792 0.505335 0.029838 0.0517557 0.710093
1 0.950099 0.937838 0.0434669 0.0703961 0.707074
3 0.882307 0.653215 0.0309044 0.0484226 0.629357
1 0.583693 0.606591 0.0144213 0.0243681 0.327601
0 0.625668 0.478934 0.0176474 0.0320707 0.298062
1 0.743741 0.420669 0.0449988 0.0744397 0.811235
1 0.517509 0.0950373 0.0559727 0.0989152 0.774017
0 0.748166 0.341901 0.0559311 0.0519413 0.750561
3 0.910792 0.505335 0.029838 0.0517557 0.710093
1 0.950099 0.937838 0.0434669 0.0703961 0.707074
3 0.882307 0.653215 0.0309044 0.0484226 0.629357
1 0.583693 0.606591 0.0144213 0.0243681 0.327601
0 0.625668 0.478934 0.0176474 0.0320707 0.298062
1 0.743741 0.420669 0.0449988 0.0744397 0.811235
1 0.517509 0.0950373 0.0559727 0.0989152 0.774017
0 0.748166 0.341901 0.0559311 0.0519413 0.750561
3 0.910792 0.505335 0.029838 0.0517557 0.710093
1 0.950099 0.937838 0.0434669 0.0703961 0.707074
3 0.882307 0.653215 0.0309044 0.0484226 0.629357
1 0.583693 0.606591 0.0144213 0.0243681 0.327601
0 0.625668 0.478934 0.0176474 0.0320707 0.298062
