3 0.256698 0.728421 0.0306195 0.080073 0.722916
1 0.394871 0.4195 0.025483 0.0484937 0.693405
1 0.464265 0.380739 0.0218108 0.0420587 0.644848
3 0.306071 0.3605 0.0355643 0.0932482 0.612893
0 0.255336 0.0563362 0.0541912 0.095945 0.590964
3 0.256697 0.72835 0.0311636 0.0805504 0.717725
1 0.394878 0.419548 0.0254826 0.0485995 0.697554
1 0.464326 0.380927 0.0217239 0.0417171 0.638087
0 0.25483 0.0563447 0.0566524 0.0958277 0.585392
3 0.305901 0.360163 0.035535 0.0936928 0.58504
3 0.256697 0.72835 0.0311636 0.0805504 0.717725
1 0.394878 0.419548 0.0254826 0.0485995 0.697554
1 0.464326 0.380927 0.0217239 0.0417171 0.638087
0 0.25483 0.0563447 0.0566524 0.0958277 0.585392
3 0.305901 0.360163 0.035535 0.0936928 0.58504
3 0.256697 0.72835 0.0311636 0.0805504 0.717725
1 0.394878 0.419548 0.0254826 0.0485995 0.697554
1 0.464326 0.380927 0.0217239 0.0417171 0.638087
0 0.25483 0.0563447 0.0566524 0.0958277 0.585392
3 0.305901 0.360163 0.035535 0.0936928 0.58504
