4 0.189216 0.703384 0.375035 0.5871 0.863046
4 0.282751 0.158655 0.308666 0.305548 0.746953
4 0.527003 0.110047 0.219873 0.216868 0.62813
2 0.455133 0.810247 0.0189987 0.0289787 0.479847
4 0.136258 0.289876 0.256839 0.150504 0.445964
4 0.191399 0.700306 0.381936 0.590949 0.873311
4 0.283592 0.159457 0.307699 0.309501 0.768486
4 0.523698 0.102369 0.224051 0.199995 0.67083
2 0.45517 0.810311 0.0195344 0.0293344 0.50839
4 0.135321 0.290095 0.255853 0.149614 0.490881
4 0.191399 0.700306 0.381936 0.590949 0.873311
4 0.283592 0.159457 0.307699 0.309501 0.768486
4 0.523698 0.102369 0.224051 0.199995 0.67083
2 0.45517 0.810311 0.0195344 0.0293344 0.50839
4 0.135321 0.290095 0.255853 0.149614 0.490881
4 0.191399 0.700306 0.381936 0.590949 0.873311
4 0.283592 0.159457 0.307699 0.309501 0.768486
4 0.523698 0.102369 0.224051 0.199995 0.67083
2 0.45517 0.810311 0.0195344 0.0293344 0.50839
4 0.135321 0.290095 0.255853 0.149614 0.490881
