3 0.466631 0.461567 0.0666473 0.104789 0.84762
3 0.686836 0.610163 0.0391458 0.0612123 0.813556
1 0.515197 0.600212 0.0344699 0.0806096 0.791887
3 0.695833 0.417128 0.0502541 0.0709582 0.556445
2 0.980444 0.64359 0.0144205 0.0259068 0.541657
1 0.695644 0.416564 0.0507709 0.0712503 0.477897
1 0.0101235 0.610145 0.0202228 0.0682554 0.459867
3 0.626464 0.67212 0.0152526 0.0463952 0.399054
1 0.972163 0.605576 0.0144588 0.0237335 0.396095
3 0.6316 0.62329 0.0218437 0.0667856 0.391343
0 0.479938 0.623173 0.0207483 0.0244415 0.334176
1 0.631435 0.624241 0.0214575 0.0674957 0.303875
3 0.46661 0.461867 0.066897 0.104975 0.848441
3 0.686787 0.610366 0.0385162 0.060534 0.807996
1 0.515254 0.600329 0.034086 0.080373 0.792685
3 0.695851 0.417116 0.0499193 0.0703489 0.541021
2 0.980448 0.643652 0.0145142 0.0259888 0.521686
1 0.695621 0.416548 0.0505169 0.0705728 0.464566
1 0.0101549 0.610176 0.0202928 0.0685083 0.458033
3 0.626473 0.672163 0.0154367 0.0464816 0.443507
3 0.63161 0.623436 0.021734 0.0665436 0.428553
1 0.971903 0.606295 0.0147442 0.0242441 0.418235
0 0.479934 0.623235 0.0206011 0.0242016 0.323386
3 0.98735 0.368024 0.0253008 0.0529906 0.317114
0 0.685345 0.456616 0.0276735 0.0368943 0.302564
0 0.680126 0.478259 0.0228062 0.0316571 0.301316
1 0.304324 0.591467 0.0137612 0.0198715 0.300956
1 0.479983 0.623245 0.0200613 0.0236276 0.300514
1 0.631409 0.624396 0.0213573 0.0673583 0.28918
3 0.46661 0.461867 0.066897 0.104975 0.848441
3 0.686787 0.610366 0.0385162 0.060534 0.807996
1 0.515254 0.600329 0.034086 0.080373 0.792685
3 0.695851 0.417116 0.0499193 0.0703489 0.541021
2 0.980448 0.643652 0.0145142 0.0259888 0.521686
1 0.695621 0.416548 0.0505169 0.0705728 0.464566
1 0.0101549 0.610176 0.0202928 0.0685083 0.458033
3 0.626473 0.672163 0.0154367 0.0464816 0.443507
3 0.63161 0.623436 0.021734 0.0665436 0.428553
1 0.971903 0.606295 0.0147442 0.0242441 0.418235
0 0.479934 0.623235 0.0206011 0.0242016 0.323386
3 0.98735 0.368024 0.0253008 0.0529906 0.317114
0 0.685345 0.456616 0.0276735 0.0368943 0.302564
0 0.680126 0.478259 0.0228062 0.0316571 0.301316
1 0.304324 0.591467 0.0137612 0.0198715 0.300956
1 0.479983 0.623245 0.0200613 0.0236276 0.300514
1 0.631409 0.624396 0.0213573 0.0673583 0.28918
3 0.46661 0.461867 0.066897 0.104975 0.848441
3 0.686787 0.610366 0.0385162 0.060534 0.807996
1 0.515254 0.600329 0.034086 0.080373 0.792685
3 0.695851 0.417116 0.0499193 0.0703489 0.541021
2 0.980448 0.643652 0.0145142 0.0259888 0.521686
1 0.695621 0.416548 0.0505169 0.0705728 0.464566
1 0.0101549 0.610176 0.0202928 0.0685083 0.458033
3 0.626473 0.672163 0.0154367 0.0464816 0.443507
3 0.63161 0.623436 0.021734 0.0665436 0.428553
1 0.971903 0.606295 0.0147442 0.0242441 0.418235
0 0.479934 0.623235 0.0206011 0.0242016 0.323386
3 0.98735 0.368024 0.0253008 0.0529906 0.317114
0 0.685345 0.456616 0.0276735 0.0368943 0.302564
0 0.680126 0.478259 0.0228062 0.0316571 0.301316
1 0.304324 0.591467 0.0137612 0.0198715 0.300956
1 0.479983 0.623245 0.0200613 0.0236276 0.300514
1 0.631409 0.624396 0.0213573 0.0673583 0.28918
