2 0.365349 0.382964 0.0431898 0.0523092 0.855831
0 0.37609 0.496396 0.0365595 0.0679084 0.831685
0 0.20888 0.422026 0.0225274 0.0438378 0.810141
1 0.445363 0.354954 0.0375084 0.0749266 0.801234
0 0.391329 0.528542 0.0411098 0.06051 0.794778
1 0.448048 0.445112 0.0413004 0.0659864 0.732598
0 0.244563 0.417967 0.0241959 0.0360031 0.725852
0 0.479598 0.305578 0.0326952 0.0736815 0.706418
2 0.461974 0.483759 0.0382914 0.0640826 0.68659
0 0.383528 0.0575618 0.0265364 0.0311682 0.683393
0 0.705087 0.405995 0.0198982 0.0297213 0.416028
0 0.439377 0.0208218 0.0447248 0.0416436 0.360809
0 0.638687 0.245882 0.020414 0.0351744 0.335808
2 0.365375 0.382949 0.0430038 0.0523658 0.847948
0 0.376129 0.496348 0.0365795 0.06785 0.82972
1 0.445386 0.354909 0.0373346 0.0749163 0.803994
0 0.208862 0.421925 0.0224197 0.0436328 0.801076
0 0.391316 0.528482 0.0409427 0.0602596 0.792319
1 0.448106 0.445155 0.0410568 0.0660049 0.739041
0 0.244565 0.417874 0.0241592 0.0360176 0.714061
0 0.383326 0.0576834 0.0261639 0.0306271 0.692255
0 0.47964 0.305587 0.0324179 0.0736589 0.678929
2 0.461934 0.483734 0.0380484 0.0641063 0.654735
0 0.705124 0.405971 0.0197888 0.0295682 0.377406
0 0.439783 0.0212632 0.0440826 0.0404463 0.348827
1 0.439463 0.0209291 0.0444899 0.041511 0.315078
0 0.638702 0.245884 0.0203224 0.0352395 0.298325
2 0.365375 0.382949 0.0430038 0.0523658 0.847948
0 0.376129 0.496348 0.0365795 0.06785 0.82972
1 0.445386 0.354909 0.0373346 0.0749163 0.803994
0 0.208862 0.421925 0.0224197 0.0436328 0.801076
0 0.391316 0.528482 0.0409427 0.0602596 0.792319
1 0.448106 0.445155 0.0410568 0.0660049 0.739041
0 0.244565 0.417874 0.0241592 0.0360176 0.714061
0 0.383326 0.0576834 0.0261639 0.0306271 0.692255
0 0.47964 0.305587 0.0324179 0.0736589 0.678929
2 0.461934 0.483734 0.0380484 0.0641063 0.654735
0 0.705124 0.405971 0.0197888 0.0295682 0.377406
0 0.439783 0.0212632 0.0440826 0.0404463 0.348827
1 0.439463 0.0209291 0.0444899 0.041511 0.315078
0 0.638702 0.245884 0.0203224 0.0352395 0.298325
2 0.365375 0.382949 0.0430038 0.0523658 0.847948
0 0.376129 0.496348 0.0365795 0.06785 0.82972
1 0.445386 0.354909 0.0373346 0.0749163 0.803994
0 0.208862 0.421925 0.0224197 0.0436328 0.801076
0 0.391316 0.528482 0.0409427 0.0602596 0.792319
1 0.448106 0.445155 0.0410568 0.0660049 0.739041
0 0.244565 0.417874 0.0241592 0.0360176 0.714061
0 0.383326 0.0576834 0.0261639 0.0306271 0.692255
0 0.47964 0.305587 0.0324179 0.0736589 0.678929
2 0.461934 0.483734 0.0380484 0.0641063 0.654735
0 0.705124 0.405971 0.0197888 0.0295682 0.377406
0 0.439783 0.0212632 0.0440826 0.0404463 0.348827
1 0.439463 0.0209291 0.0444899 0.041511 0.315078
0 0.638702 0.245884 0.0203224 0.0352395 0.298325
