1 0.261282 0.470293 0.0251514 0.0445468 0.664768
3 0.429857 0.585666 0.0197426 0.0387371 0.658926
2 0.0674337 0.293646 0.0259832 0.0484929 0.645829
2 0.819856 0.530247 0.0212856 0.0349917 0.643105
3 0.468007 0.670616 0.0173473 0.0272132 0.633166
2 0.728462 0.538802 0.0204424 0.0334358 0.625817
1 0.0457312 0.473682 0.0239087 0.0463635 0.615506
1 0.247576 0.550447 0.0195745 0.0413767 0.611856
2 0.213265 0.430217 0.0190896 0.0332836 0.597118
2 0.330515 0.442079 0.0289403 0.0433141 0.584562
2 0.560063 0.458831 0.0223003 0.0372188 0.557993
2 0.444052 0.422545 0.0185903 0.0305812 0.54133
1 0.228978 0.536321 0.0187851 0.0412438 0.527461
2 0.133027 0.258239 0.0150716 0.0241217 0.526339
2 0.456967 0.504312 0.019609 0.0308557 0.516241
2 0.121056 0.454904 0.0170904 0.0308423 0.420639
2 0.446355 0.393989 0.0165485 0.0270566 0.411431
3 0.47597 0.706147 0.018067 0.0303209 0.371143
1 0.409186 0.556382 0.0186928 0.034929 0.36942
3 0.608599 0.484715 0.0202019 0.0361875 0.312251
1 0.261324 0.470319 0.0243796 0.0439514 0.661093
3 0.429934 0.585784 0.0197208 0.0387227 0.656837
3 0.468041 0.670586 0.0171089 0.0270329 0.649543
2 0.0675041 0.293644 0.0259423 0.0483332 0.64786
2 0.819918 0.530214 0.0222198 0.0351401 0.625096
2 0.728413 0.538791 0.0207549 0.03339 0.624951
1 0.0456758 0.473769 0.0238306 0.0463003 0.611172
1 0.247529 0.550309 0.0188845 0.03988 0.600841
2 0.2133 0.430268 0.0186031 0.0328466 0.599276
2 0.330542 0.442 0.0273699 0.0421117 0.596317
2 0.444028 0.422581 0.0182212 0.0303855 0.561722
2 0.560013 0.458861 0.0221069 0.036851 0.554237
2 0.133035 0.258322 0.0147562 0.0239295 0.539892
2 0.45697 0.504331 0.0192673 0.030315 0.53106
1 0.229048 0.536148 0.0182901 0.0400658 0.519288
2 0.121092 0.45494 0.0167371 0.0306448 0.436758
2 0.446401 0.394067 0.0162827 0.0268447 0.428543
3 0.475963 0.706177 0.0179718 0.0301821 0.403161
1 0.409258 0.556623 0.0180117 0.0337063 0.372356
2 0.414707 0.413646 0.0153712 0.0251728 0.314887
3 0.608565 0.484611 0.0203677 0.0369981 0.306888
1 0.261324 0.470319 0.0243796 0.0439514 0.661093
3 0.429934 0.585784 0.0197208 0.0387227 0.656837
3 0.468041 0.670586 0.0171089 0.0270329 0.649543
2 0.0675041 0.293644 0.0259423 0.0483332 0.64786
2 0.819918 0.530214 0.0222198 0.0351401 0.625096
2 0.728413 0.538791 0.0207549 0.03339 0.624951
1 0.0456758 0.473769 0.0238306 0.0463003 0.611172
1 0.247529 0.550309 0.0188845 0.03988 0.600841
2 0.2133 0.430268 0.0186031 0.0328466 0.599276
2 0.330542 0.442 0.0273699 0.0421117 0.596317
2 0.444028 0.422581 0.0182212 0.0303855 0.561722
2 0.560013 0.458861 0.0221069 0.036851 0.554237
2 0.133035 0.258322 0.0147562 0.0239295 0.539892
2 0.45697 0.504331 0.0192673 0.030315 0.53106
1 0.229048 0.536148 0.0182901 0.0400658 0.519288
2 0.121092 0.45494 0.0167371 0.0306448 0.436758
2 0.446401 0.394067 0.0162827 0.0268447 0.428543
3 0.475963 0.706177 0.0179718 0.0301821 0.403161
1 0.409258 0.556623 0.0180117 0.0337063 0.372356
2 0.414707 0.413646 0.0153712 0.0251728 0.314887
3 0.608565 0.484611 0.0203677 0.0369981 0.306888
1 0.261324 0.470319 0.0243796 0.0439514 0.661093
3 0.429934 0.585784 0.0197208 0.0387227 0.656837
3 0.468041 0.670586 0.0171089 0.0270329 0.649543
2 0.0675041 0.293644 0.0259423 0.0483332 0.64786
2 0.819918 0.530214 0.0222198 0.0351401 0.625096
2 0.728413 0.538791 0.0207549 0.03339 0.624951
1 0.0456758 0.473769 0.0238306 0.0463003 0.611172
1 0.247529 0.550309 0.0188845 0.03988 0.600841
2 0.2133 0.430268 0.0186031 0.0328466 0.599276
2 0.330542 0.442 0.0273699 0.0421117 0.596317
2 0.444028 0.422581 0.0182212 0.0303855 0.561722
2 0.560013 0.458861 0.0221069 0.036851 0.554237
2 0.133035 0.258322 0.0147562 0.0239295 0.539892
2 0.45697 0.504331 0.0192673 0.030315 0.53106
1 0.229048 0.536148 0.0182901 0.0400658 0.519288
2 0.121092 0.45494 0.0167371 0.0306448 0.436758
2 0.446401 0.394067 0.0162827 0.0268447 0.428543
3 0.475963 0.706177 0.0179718 0.0301821 0.403161
1 0.409258 0.556623 0.0180117 0.0337063 0.372356
2 0.414707 0.413646 0.0153712 0.0251728 0.314887
3 0.608565 0.484611 0.0203677 0.0369981 0.306888
