4 0.284199 0.615858 0.192918 0.229811 0.895246
4 0.685983 0.503151 0.583704 0.993698 0.879857
4 0.0457482 0.510903 0.0905702 0.433006 0.6386
4 0.691944 0.50061 0.584408 0.98692 0.932971
4 0.284961 0.615938 0.196158 0.230333 0.895582
4 0.0457414 0.509408 0.0905122 0.43195 0.638241
4 0.691944 0.50061 0.584408 0.98692 0.932971
4 0.284961 0.615938 0.196158 0.230333 0.895582
4 0.0457414 0.509408 0.0905122 0.43195 0.638241
4 0.691944 0.50061 0.584408 0.98692 0.932971
4 0.284961 0.615938 0.196158 0.230333 0.895582
4 0.0457414 0.509408 0.0905122 0.43195 0.638241
