1 0.901783 0.946076 0.0882375 0.107083 0.8425
1 0.927336 0.0758594 0.10096 0.144667 0.797981
1 0.571138 0.153192 0.0428083 0.072386 0.743779
1 0.512049 0.239494 0.0360628 0.0670031 0.726933
3 0.582822 0.835823 0.0310049 0.0554035 0.699568
3 0.586362 0.650193 0.0440914 0.0763268 0.692931
3 0.644051 0.0266606 0.0291782 0.0399276 0.692442
0 0.607485 0.737086 0.0282174 0.0598133 0.682309
3 0.26122 0.029949 0.0226012 0.0319292 0.661587
0 0.336982 0.0607254 0.032518 0.0488752 0.562572
1 0.252617 0.655253 0.013092 0.025254 0.554693
2 0.262746 0.686458 0.0147334 0.0233467 0.510595
3 0.199875 0.0855551 0.0273933 0.0357224 0.403084
1 0.255262 0.613321 0.0127361 0.0236251 0.332116
1 0.24342 0.662968 0.0110718 0.0210254 0.328962
1 0.902238 0.946091 0.0896511 0.107818 0.834329
1 0.927513 0.0759819 0.101821 0.144573 0.805889
1 0.511782 0.239468 0.0363073 0.0679011 0.737612
1 0.57119 0.153243 0.0442276 0.0739267 0.730689
3 0.582777 0.835826 0.031152 0.0555251 0.698148
3 0.5863 0.650316 0.0440839 0.0762397 0.693533
0 0.607502 0.737076 0.0281881 0.0594335 0.679842
3 0.644141 0.0268991 0.0287074 0.0396239 0.668398
0 0.337073 0.0608468 0.0329328 0.048772 0.580506
3 0.261531 0.0301893 0.0231302 0.0316266 0.576518
1 0.252634 0.655269 0.0131095 0.0252508 0.55884
2 0.26275 0.686415 0.0147099 0.0231866 0.507145
3 0.200012 0.0859147 0.0281381 0.0373036 0.419572
1 0.243409 0.662949 0.0112249 0.0212008 0.339717
1 0.255282 0.613291 0.0127442 0.0236206 0.335868
1 0.270919 0.631765 0.0140029 0.0216306 0.271655
2 0.278253 0.734387 0.0122406 0.0178779 0.251234
1 0.902238 0.946091 0.0896511 0.107818 0.834329
1 0.927513 0.0759819 0.101821 0.144573 0.805889
1 0.511782 0.239468 0.0363073 0.0679011 0.737612
1 0.57119 0.153243 0.0442276 0.0739267 0.730689
3 0.582777 0.835826 0.031152 0.0555251 0.698148
3 0.5863 0.650316 0.0440839 0.0762397 0.693533
0 0.607502 0.737076 0.0281881 0.0594335 0.679842
3 0.644141 0.0268991 0.0287074 0.0396239 0.668398
0 0.337073 0.0608468 0.0329328 0.048772 0.580506
3 0.261531 0.0301893 0.0231302 0.0316266 0.576518
1 0.252634 0.655269 0.0131095 0.0252508 0.55884
2 0.26275 0.686415 0.0147099 0.0231866 0.507145
3 0.200012 0.0859147 0.0281381 0.0373036 0.419572
1 0.243409 0.662949 0.0112249 0.0212008 0.339717
1 0.255282 0.613291 0.0127442 0.0236206 0.335868
1 0.270919 0.631765 0.0140029 0.0216306 0.271655
2 0.278253 0.734387 0.0122406 0.0178779 0.251234
1 0.902238 0.946091 0.0896511 0.107818 0.834329
1 0.927513 0.0759819 0.101821 0.144573 0.805889
1 0.511782 0.239468 0.0363073 0.0679011 0.737612
1 0.57119 0.153243 0.0442276 0.0739267 0.730689
3 0.582777 0.835826 0.031152 0.0555251 0.698148
3 0.5863 0.650316 0.0440839 0.0762397 0.693533
0 0.607502 0.737076 0.0281881 0.0594335 0.679842
3 0.644141 0.0268991 0.0287074 0.0396239 0.668398
0 0.337073 0.0608468 0.0329328 0.048772 0.580506
3 0.261531 0.0301893 0.0231302 0.0316266 0.576518
1 0.252634 0.655269 0.0131095 0.0252508 0.55884
2 0.26275 0.686415 0.0147099 0.0231866 0.507145
3 0.200012 0.0859147 0.0281381 0.0373036 0.419572
1 0.243409 0.662949 0.0112249 0.0212008 0.339717
1 0.255282 0.613291 0.0127442 0.0236206 0.335868
1 0.270919 0.631765 0.0140029 0.0216306 0.271655
2 0.278253 0.734387 0.0122406 0.0178779 0.251234
