3 0.691671 0.572898 0.0419329 0.0876188 0.861567
4 0.212054 0.290623 0.42274 0.57588 0.818804
3 0.801792 0.351303 0.0318139 0.0528246 0.751873
4 0.21428 0.291308 0.427417 0.578134 0.875859
3 0.691637 0.57293 0.0415714 0.0869994 0.863361
3 0.801757 0.351408 0.0315102 0.0521402 0.768403
4 0.21428 0.291308 0.427417 0.578134 0.875859
3 0.691637 0.57293 0.0415714 0.0869994 0.863361
3 0.801757 0.351408 0.0315102 0.0521402 0.768403
4 0.21428 0.291308 0.427417 0.578134 0.875859
3 0.691637 0.57293 0.0415714 0.0869994 0.863361
3 0.801757 0.351408 0.0315102 0.0521402 0.768403
