1 0.918415 0.733822 0.0403683 0.0882195 0.811343
1 0.870611 0.846641 0.0364285 0.0855962 0.781901
1 0.653673 0.574251 0.0246297 0.0331838 0.705029
1 0.693094 0.687708 0.0293345 0.0330881 0.610748
0 0.680387 0.768602 0.0342107 0.0328886 0.604708
1 0.664903 0.716713 0.0235222 0.0412781 0.582305
1 0.541051 0.696852 0.0188713 0.0359129 0.529452
0 0.72629 0.768869 0.0209405 0.0300277 0.47147
0 0.8467 0.833044 0.0231054 0.0657663 0.463888
0 0.767516 0.613866 0.0198238 0.0329505 0.456007
0 0.473744 0.679107 0.0195436 0.0365245 0.381977
1 0.681088 0.76846 0.0339226 0.0336308 0.381615
0 0.70406 0.895037 0.0207512 0.0303758 0.363902
1 0.91841 0.733854 0.0408932 0.0880611 0.811772
1 0.870623 0.846541 0.0364773 0.0854529 0.771367
1 0.653668 0.574205 0.0245167 0.0331323 0.704441
1 0.693131 0.687731 0.0295307 0.0333243 0.606637
0 0.680425 0.76879 0.034497 0.0335085 0.604736
1 0.664908 0.716713 0.0236588 0.0413613 0.594122
1 0.541096 0.696833 0.0188877 0.0359925 0.527052
0 0.846774 0.832642 0.0231615 0.0661903 0.489056
0 0.726306 0.769101 0.0210009 0.0304942 0.451982
0 0.704051 0.894968 0.0208195 0.0304403 0.423883
0 0.767539 0.613811 0.0198275 0.0328725 0.422747
1 0.68109 0.768671 0.0344536 0.034577 0.36066
0 0.473737 0.679115 0.0195957 0.0367378 0.35336
1 0.473664 0.679518 0.0197744 0.0367826 0.329957
1 0.91841 0.733854 0.0408932 0.0880611 0.811772
1 0.870623 0.846541 0.0364773 0.0854529 0.771367
1 0.653668 0.574205 0.0245167 0.0331323 0.704441
1 0.693131 0.687731 0.0295307 0.0333243 0.606637
0 0.680425 0.76879 0.034497 0.0335085 0.604736
1 0.664908 0.716713 0.0236588 0.0413613 0.594122
1 0.541096 0.696833 0.0188877 0.0359925 0.527052
0 0.846774 0.832642 0.0231615 0.0661903 0.489056
0 0.726306 0.769101 0.0210009 0.0304942 0.451982
0 0.704051 0.894968 0.0208195 0.0304403 0.423883
0 0.767539 0.613811 0.0198275 0.0328725 0.422747
1 0.68109 0.768671 0.0344536 0.034577 0.36066
0 0.473737 0.679115 0.0195957 0.0367378 0.35336
1 0.473664 0.679518 0.0197744 0.0367826 0.329957
1 0.91841 0.733854 0.0408932 0.0880611 0.811772
1 0.870623 0.846541 0.0364773 0.0854529 0.771367
1 0.653668 0.574205 0.0245167 0.0331323 0.704441
1 0.693131 0.687731 0.0295307 0.0333243 0.606637
0 0.680425 0.76879 0.034497 0.0335085 0.604736
1 0.664908 0.716713 0.0236588 0.0413613 0.594122
1 0.541096 0.696833 0.0188877 0.0359925 0.527052
0 0.846774 0.832642 0.0231615 0.0661903 0.489056
0 0.726306 0.769101 0.0210009 0.0304942 0.451982
0 0.704051 0.894968 0.0208195 0.0304403 0.423883
0 0.767539 0.613811 0.0198275 0.0328725 0.422747
1 0.68109 0.768671 0.0344536 0.034577 0.36066
0 0.473737 0.679115 0.0195957 0.0367378 0.35336
1 0.473664 0.679518 0.0197744 0.0367826 0.329957
