1 0.428074 0.457647 0.0320204 0.0545328 0.784818
0 0.579668 0.59115 0.0217379 0.0358013 0.671968
0 0.831317 0.705624 0.0180779 0.0338576 0.652903
0 0.568259 0.562397 0.0139372 0.0249014 0.616708
1 0.819382 0.650037 0.0271114 0.0477525 0.605978
0 0.821976 0.588366 0.0201162 0.0308753 0.570425
0 0.57124 0.456801 0.0170048 0.0272815 0.473728
0 0.334644 0.558074 0.0151397 0.0233856 0.398409
2 0.905482 0.67911 0.0105446 0.0160479 0.342301
0 0.363542 0.601887 0.0140729 0.024374 0.335981
1 0.428124 0.457468 0.0323618 0.0548705 0.783403
0 0.579658 0.591184 0.0218576 0.0358255 0.666699
1 0.819353 0.650134 0.0272602 0.048062 0.635517
0 0.831336 0.705753 0.0175696 0.033575 0.623007
0 0.568261 0.562426 0.0139004 0.0248932 0.613963
0 0.821979 0.588481 0.0202927 0.0312437 0.532016
0 0.571255 0.456865 0.0169308 0.027117 0.438369
0 0.334637 0.558104 0.0150326 0.0231058 0.409525
0 0.363521 0.601934 0.0138527 0.0237415 0.359753
2 0.905458 0.67904 0.0105022 0.0158001 0.325871
1 0.428124 0.457468 0.0323618 0.0548705 0.783403
0 0.579658 0.591184 0.0218576 0.0358255 0.666699
1 0.819353 0.650134 0.0272602 0.048062 0.635517
0 0.831336 0.705753 0.0175696 0.033575 0.623007
0 0.568261 0.562426 0.0139004 0.0248932 0.613963
0 0.821979 0.588481 0.0202927 0.0312437 0.532016
0 0.571255 0.456865 0.0169308 0.027117 0.438369
0 0.334637 0.558104 0.0150326 0.0231058 0.409525
0 0.363521 0.601934 0.0138527 0.0237415 0.359753
2 0.905458 0.67904 0.0105022 0.0158001 0.325871
1 0.428124 0.457468 0.0323618 0.0548705 0.783403
0 0.579658 0.591184 0.0218576 0.0358255 0.666699
1 0.819353 0.650134 0.0272602 0.048062 0.635517
0 0.831336 0.705753 0.0175696 0.033575 0.623007
0 0.568261 0.562426 0.0139004 0.0248932 0.613963
0 0.821979 0.588481 0.0202927 0.0312437 0.532016
0 0.571255 0.456865 0.0169308 0.027117 0.438369
0 0.334637 0.558104 0.0150326 0.0231058 0.409525
0 0.363521 0.601934 0.0138527 0.0237415 0.359753
2 0.905458 0.67904 0.0105022 0.0158001 0.325871
