0 0.566135 0.86926 0.0784391 0.0877531 0.820633
0 0.726672 0.877643 0.0919926 0.10448 0.789267
1 0.680482 0.412512 0.0765935 0.137884 0.774007
0 0.566016 0.869165 0.0778585 0.0872537 0.820493
0 0.726806 0.877986 0.0910301 0.103722 0.790523
1 0.68036 0.41254 0.0765473 0.138015 0.786736
1 0.978669 0.0490428 0.0426617 0.0873682 0.28268
0 0.566135 0.86926 0.0784391 0.0877531 0.820633
0 0.726672 0.877643 0.0919926 0.10448 0.789267
1 0.680482 0.412512 0.0765935 0.137884 0.774007
0 0.566016 0.869165 0.0778585 0.0872537 0.820493
0 0.726806 0.877986 0.0910301 0.103722 0.790523
1 0.68036 0.41254 0.0765473 0.138015 0.786736
1 0.978669 0.0490428 0.0426617 0.0873682 0.28268
0 0.566016 0.869165 0.0778585 0.0872537 0.820493
0 0.726806 0.877986 0.0910301 0.103722 0.790523
1 0.68036 0.41254 0.0765473 0.138015 0.786736
1 0.978669 0.0490428 0.0426617 0.0873682 0.28268
