3 0.38495 0.42302 0.0581488 0.117073 0.869713
0 0.693821 0.604687 0.0516813 0.0783926 0.775234
1 0.198037 0.758571 0.0261704 0.0467719 0.715234
3 0.966099 0.883643 0.0264641 0.0541624 0.668835
3 0.385082 0.423104 0.0578959 0.116083 0.86388
0 0.693798 0.604928 0.0512804 0.0772719 0.784647
1 0.19795 0.758506 0.0260583 0.0466362 0.726641
3 0.966132 0.883523 0.0268478 0.0535269 0.650943
3 0.385082 0.423104 0.0578959 0.116083 0.86388
0 0.693798 0.604928 0.0512804 0.0772719 0.784647
1 0.19795 0.758506 0.0260583 0.0466362 0.726641
3 0.966132 0.883523 0.0268478 0.0535269 0.650943
3 0.385082 0.423104 0.0578959 0.116083 0.86388
0 0.693798 0.604928 0.0512804 0.0772719 0.784647
1 0.19795 0.758506 0.0260583 0.0466362 0.726641
3 0.966132 0.883523 0.0268478 0.0535269 0.650943
