1 0.606738 0.674432 0.0275019 0.0562904 0.860187
0 0.688807 0.746624 0.028289 0.0256308 0.809596
0 0.626406 0.634754 0.017482 0.027336 0.803439
0 0.605818 0.629929 0.021153 0.0412716 0.798583
0 0.705889 0.688776 0.0320618 0.0277379 0.786818
1 0.68427 0.781473 0.0245529 0.0319131 0.780288
0 0.653966 0.669482 0.0249653 0.0328846 0.764321
0 0.635472 0.831125 0.0174685 0.0332869 0.752584
0 0.697133 0.7017 0.0253416 0.0272635 0.744906
1 0.707897 0.4858 0.0279933 0.0428918 0.729869
0 0.64628 0.800049 0.0172979 0.0181681 0.726108
1 0.533906 0.427914 0.0263403 0.0350107 0.699146
0 0.508997 0.591614 0.0120684 0.0374533 0.688317
0 0.554828 0.490225 0.0118237 0.0294593 0.643457
0 0.660829 0.809734 0.016342 0.0286227 0.592576
0 0.630313 0.781484 0.0138822 0.0176014 0.588288
0 0.730735 0.558642 0.0125279 0.0231535 0.554964
0 0.699289 0.53853 0.0127036 0.0309981 0.411675
1 0.606729 0.674364 0.0275717 0.0563284 0.857347
0 0.68881 0.7466 0.0282632 0.0255878 0.809479
0 0.626429 0.634719 0.0173641 0.0273219 0.806168
0 0.605784 0.629922 0.0211082 0.0412985 0.800129
0 0.705888 0.688766 0.0320221 0.0277715 0.789309
1 0.684286 0.781381 0.0245657 0.0320772 0.774618
0 0.653963 0.669487 0.0249857 0.0328468 0.762965
0 0.635447 0.831109 0.0174438 0.033381 0.756926
0 0.69713 0.701747 0.0252953 0.0271686 0.745298
1 0.707849 0.485754 0.0281416 0.0429187 0.733705
0 0.646254 0.80004 0.0173918 0.0182006 0.727257
1 0.533937 0.427842 0.0265591 0.0352894 0.696275
0 0.508943 0.591543 0.0119292 0.0374584 0.688452
0 0.55484 0.490314 0.011866 0.0294234 0.624016
0 0.660822 0.809714 0.016372 0.0287222 0.603056
0 0.630244 0.781468 0.0139608 0.0175985 0.592529
0 0.730724 0.558676 0.0125381 0.0231084 0.554794
0 0.699271 0.538539 0.0126831 0.0309563 0.419587
1 0.606729 0.674364 0.0275717 0.0563284 0.857347
0 0.68881 0.7466 0.0282632 0.0255878 0.809479
0 0.626429 0.634719 0.0173641 0.0273219 0.806168
0 0.605784 0.629922 0.0211082 0.0412985 0.800129
0 0.705888 0.688766 0.0320221 0.0277715 0.789309
1 0.684286 0.781381 0.0245657 0.0320772 0.774618
0 0.653963 0.669487 0.0249857 0.0328468 0.762965
0 0.635447 0.831109 0.0174438 0.033381 0.756926
0 0.69713 0.701747 0.0252953 0.0271686 0.745298
1 0.707849 0.485754 0.0281416 0.0429187 0.733705
0 0.646254 0.80004 0.0173918 0.0182006 0.727257
1 0.533937 0.427842 0.0265591 0.0352894 0.696275
0 0.508943 0.591543 0.0119292 0.0374584 0.688452
0 0.55484 0.490314 0.011866 0.0294234 0.624016
0 0.660822 0.809714 0.016372 0.0287222 0.603056
0 0.630244 0.781468 0.0139608 0.0175985 0.592529
0 0.730724 0.558676 0.0125381 0.0231084 0.554794
0 0.699271 0.538539 0.0126831 0.0309563 0.419587
1 0.606729 0.674364 0.0275717 0.0563284 0.857347
0 0.68881 0.7466 0.0282632 0.0255878 0.809479
0 0.626429 0.634719 0.0173641 0.0273219 0.806168
0 0.605784 0.629922 0.0211082 0.0412985 0.800129
0 0.705888 0.688766 0.0320221 0.0277715 0.789309
1 0.684286 0.781381 0.0245657 0.0320772 0.774618
0 0.653963 0.669487 0.0249857 0.0328468 0.762965
0 0.635447 0.831109 0.0174438 0.033381 0.756926
0 0.69713 0.701747 0.0252953 0.0271686 0.745298
1 0.707849 0.485754 0.0281416 0.0429187 0.733705
0 0.646254 0.80004 0.0173918 0.0182006 0.727257
1 0.533937 0.427842 0.0265591 0.0352894 0.696275
0 0.508943 0.591543 0.0119292 0.0374584 0.688452
0 0.55484 0.490314 0.011866 0.0294234 0.624016
0 0.660822 0.809714 0.016372 0.0287222 0.603056
0 0.630244 0.781468 0.0139608 0.0175985 0.592529
0 0.730724 0.558676 0.0125381 0.0231084 0.554794
0 0.699271 0.538539 0.0126831 0.0309563 0.419587
