3 0.333804 0.732836 0.0541509 0.0917214 0.796814
2 0.948628 0.669207 0.0703953 0.113603 0.796447
1 0.929559 0.760717 0.0673708 0.113369 0.779141
3 0.261566 0.818025 0.0344971 0.0736248 0.75599
1 0.3199 0.173277 0.065099 0.0656722 0.740847
3 0.398402 0.753776 0.032491 0.0661006 0.714067
2 0.909989 0.278768 0.0282774 0.0523763 0.697989
1 0.541052 0.786281 0.0541492 0.105516 0.68406
3 0.67859 0.340459 0.0403091 0.0732871 0.621238
1 0.810771 0.724568 0.0577953 0.0534349 0.610982
2 0.893421 0.31248 0.0442019 0.0597738 0.589822
2 0.6768 0.729847 0.0512437 0.0788147 0.587346
2 0.68598 0.0832636 0.0542034 0.0961872 0.567414
0 0.602875 0.0690645 0.0397596 0.0700586 0.323278
3 0.333921 0.732766 0.0540038 0.0912429 0.801977
2 0.948651 0.669038 0.0709625 0.11352 0.791701
1 0.929686 0.760353 0.0670963 0.113107 0.784795
3 0.261493 0.817998 0.0343786 0.0739473 0.761529
1 0.319939 0.173435 0.0655122 0.0653534 0.754822
3 0.398492 0.753785 0.0319847 0.0653656 0.717214
2 0.909966 0.278803 0.0282997 0.0522202 0.702615
1 0.541027 0.785693 0.0528393 0.104767 0.688627
3 0.678606 0.340719 0.0398111 0.0731038 0.614488
2 0.89327 0.312246 0.0446892 0.0599013 0.604044
1 0.810962 0.724782 0.0579271 0.0529802 0.593839
2 0.685573 0.0820937 0.0525476 0.0942466 0.591841
2 0.676614 0.729956 0.0502838 0.0784872 0.588673
0 0.602738 0.0689939 0.0409295 0.0710167 0.336334
3 0.333921 0.732766 0.0540038 0.0912429 0.801977
2 0.948651 0.669038 0.0709625 0.11352 0.791701
1 0.929686 0.760353 0.0670963 0.113107 0.784795
3 0.261493 0.817998 0.0343786 0.0739473 0.761529
1 0.319939 0.173435 0.0655122 0.0653534 0.754822
3 0.398492 0.753785 0.0319847 0.0653656 0.717214
2 0.909966 0.278803 0.0282997 0.0522202 0.702615
1 0.541027 0.785693 0.0528393 0.104767 0.688627
3 0.678606 0.340719 0.0398111 0.0731038 0.614488
2 0.89327 0.312246 0.0446892 0.0599013 0.604044
1 0.810962 0.724782 0.0579271 0.0529802 0.593839
2 0.685573 0.0820937 0.0525476 0.0942466 0.591841
2 0.676614 0.729956 0.0502838 0.0784872 0.588673
0 0.602738 0.0689939 0.0409295 0.0710167 0.336334
3 0.333921 0.732766 0.0540038 0.0912429 0.801977
2 0.948651 0.669038 0.0709625 0.11352 0.791701
1 0.929686 0.760353 0.0670963 0.113107 0.784795
3 0.261493 0.817998 0.0343786 0.0739473 0.761529
1 0.319939 0.173435 0.0655122 0.0653534 0.754822
3 0.398492 0.753785 0.0319847 0.0653656 0.717214
2 0.909966 0.278803 0.0282997 0.0522202 0.702615
1 0.541027 0.785693 0.0528393 0.104767 0.688627
3 0.678606 0.340719 0.0398111 0.0731038 0.614488
2 0.89327 0.312246 0.0446892 0.0599013 0.604044
1 0.810962 0.724782 0.0579271 0.0529802 0.593839
2 0.685573 0.0820937 0.0525476 0.0942466 0.591841
2 0.676614 0.729956 0.0502838 0.0784872 0.588673
0 0.602738 0.0689939 0.0409295 0.0710167 0.336334
