4 0.494357 0.759542 0.311888 0.314817 0.789533
4 0.840184 0.710246 0.316264 0.22326 0.699886
4 0.280737 0.725562 0.202494 0.170558 0.690497
4 0.12947 0.644412 0.147604 0.134476 0.648013
4 0.494453 0.759295 0.311389 0.321651 0.79885
4 0.280739 0.726105 0.201938 0.169343 0.703454
4 0.839949 0.702743 0.315162 0.233119 0.661747
4 0.129909 0.64475 0.146293 0.134516 0.641979
4 0.494453 0.759295 0.311389 0.321651 0.79885
4 0.280739 0.726105 0.201938 0.169343 0.703454
4 0.839949 0.702743 0.315162 0.233119 0.661747
4 0.129909 0.64475 0.146293 0.134516 0.641979
4 0.494453 0.759295 0.311389 0.321651 0.79885
4 0.280739 0.726105 0.201938 0.169343 0.703454
4 0.839949 0.702743 0.315162 0.233119 0.661747
4 0.129909 0.64475 0.146293 0.134516 0.641979
