3 0.630215 0.769191 0.0449815 0.0816789 0.828062
0 0.528908 0.338517 0.0308191 0.0625583 0.821988
0 0.793941 0.294551 0.0343479 0.082349 0.796528
1 0.511461 0.385075 0.0447688 0.0807507 0.791534
0 0.581653 0.630498 0.0470402 0.0622718 0.780252
0 0.678413 0.240934 0.0705125 0.0374324 0.778085
0 0.537044 0.361479 0.0275536 0.0617136 0.762037
0 0.763769 0.296917 0.0351944 0.0944939 0.752495
0 0.614711 0.681515 0.0255085 0.0598601 0.745958
0 0.590441 0.664707 0.039329 0.0408528 0.741904
0 0.577015 0.383927 0.0304001 0.0630241 0.715751
0 0.646901 0.345645 0.0267341 0.0575277 0.707501
0 0.718013 0.310542 0.0318343 0.0800428 0.700839
0 0.657971 0.456282 0.0265961 0.05218 0.65221
3 0.62794 0.427172 0.0280093 0.0625484 0.630545
0 0.469722 0.408715 0.037569 0.0935941 0.590462
0 0.563574 0.571816 0.0682537 0.046845 0.564905
3 0.63032 0.769186 0.0448898 0.0815793 0.826814
0 0.528899 0.338457 0.0309748 0.0627205 0.826775
1 0.51146 0.385093 0.0447273 0.0806655 0.796934
0 0.793944 0.29449 0.0341972 0.0819231 0.79286
0 0.581618 0.630525 0.047121 0.0623991 0.779249
0 0.678484 0.240908 0.0705141 0.0374567 0.776567
0 0.536999 0.36149 0.0274466 0.0615584 0.760451
0 0.614665 0.68145 0.0252834 0.0596846 0.744568
0 0.590456 0.664651 0.0393299 0.0408267 0.739561
0 0.763761 0.296859 0.034985 0.0943395 0.730543
0 0.577026 0.3841 0.0304605 0.0631005 0.713122
0 0.646891 0.345615 0.0269931 0.0577094 0.706901
0 0.718006 0.310548 0.031749 0.0799696 0.678161
0 0.658002 0.456338 0.0267806 0.0524062 0.647567
3 0.627943 0.427135 0.0280335 0.0626216 0.634786
0 0.563522 0.571816 0.0685625 0.0469381 0.578729
0 0.469778 0.408782 0.0375309 0.0933718 0.57737
3 0.63032 0.769186 0.0448898 0.0815793 0.826814
0 0.528899 0.338457 0.0309748 0.0627205 0.826775
1 0.51146 0.385093 0.0447273 0.0806655 0.796934
0 0.793944 0.29449 0.0341972 0.0819231 0.79286
0 0.581618 0.630525 0.047121 0.0623991 0.779249
0 0.678484 0.240908 0.0705141 0.0374567 0.776567
0 0.536999 0.36149 0.0274466 0.0615584 0.760451
0 0.614665 0.68145 0.0252834 0.0596846 0.744568
0 0.590456 0.664651 0.0393299 0.0408267 0.739561
0 0.763761 0.296859 0.034985 0.0943395 0.730543
0 0.577026 0.3841 0.0304605 0.0631005 0.713122
0 0.646891 0.345615 0.0269931 0.0577094 0.706901
0 0.718006 0.310548 0.031749 0.0799696 0.678161
0 0.658002 0.456338 0.0267806 0.0524062 0.647567
3 0.627943 0.427135 0.0280335 0.0626216 0.634786
0 0.563522 0.571816 0.0685625 0.0469381 0.578729
0 0.469778 0.408782 0.0375309 0.0933718 0.57737
3 0.63032 0.769186 0.0448898 0.0815793 0.826814
0 0.528899 0.338457 0.0309748 0.0627205 0.826775
1 0.51146 0.385093 0.0447273 0.0806655 0.796934
0 0.793944 0.29449 0.0341972 0.0819231 0.79286
0 0.581618 0.630525 0.047121 0.0623991 0.779249
0 0.678484 0.240908 0.0705141 0.0374567 0.776567
0 0.536999 0.36149 0.0274466 0.0615584 0.760451
0 0.614665 0.68145 0.0252834 0.0596846 0.744568
0 0.590456 0.664651 0.0393299 0.0408267 0.739561
0 0.763761 0.296859 0.034985 0.0943395 0.730543
0 0.577026 0.3841 0.0304605 0.0631005 0.713122
0 0.646891 0.345615 0.0269931 0.0577094 0.706901
0 0.718006 0.310548 0.031749 0.0799696 0.678161
0 0.658002 0.456338 0.0267806 0.0524062 0.647567
3 0.627943 0.427135 0.0280335 0.0626216 0.634786
0 0.563522 0.571816 0.0685625 0.0469381 0.578729
0 0.469778 0.408782 0.0375309 0.0933718 0.57737
