3 0.406947 0.886648 0.0485855 0.0915889 0.788187
0 0.990395 0.796364 0.0192089 0.0560558 0.621725
0 0.400728 0.780785 0.0325224 0.0689099 0.569222
3 0.406775 0.886379 0.049233 0.0941351 0.780016
0 0.990304 0.796312 0.0193922 0.0561169 0.639193
0 0.400746 0.781062 0.0324224 0.0691709 0.57061
3 0.406775 0.886379 0.049233 0.0941351 0.780016
0 0.990304 0.796312 0.0193922 0.0561169 0.639193
0 0.400746 0.781062 0.0324224 0.0691709 0.57061
3 0.406775 0.886379 0.049233 0.0941351 0.780016
0 0.990304 0.796312 0.0193922 0.0561169 0.639193
0 0.400746 0.781062 0.0324224 0.0691709 0.57061
