4 0.339627 0.822982 0.334325 0.345525 0.754693
4 0.494732 0.459725 0.595796 0.256968 0.629657
4 0.944758 0.761229 0.110484 0.382891 0.45023
4 0.113405 0.413887 0.22681 0.221019 0.43582
4 0.5984 0.858345 0.317085 0.28331 0.360802
4 0.341542 0.830527 0.334658 0.329942 0.747695
4 0.493841 0.45909 0.59583 0.248145 0.589453
4 0.945086 0.76384 0.109829 0.378752 0.471868
4 0.112091 0.402761 0.224182 0.205079 0.425237
4 0.20645 0.626523 0.39822 0.211024 0.285517
4 0.599015 0.853523 0.31425 0.284321 0.276614
4 0.341542 0.830527 0.334658 0.329942 0.747695
4 0.493841 0.45909 0.59583 0.248145 0.589453
4 0.945086 0.76384 0.109829 0.378752 0.471868
4 0.112091 0.402761 0.224182 0.205079 0.425237
4 0.20645 0.626523 0.39822 0.211024 0.285517
4 0.599015 0.853523 0.31425 0.284321 0.276614
4 0.341542 0.830527 0.334658 0.329942 0.747695
4 0.493841 0.45909 0.59583 0.248145 0.589453
4 0.945086 0.76384 0.109829 0.378752 0.471868
4 0.112091 0.402761 0.224182 0.205079 0.425237
4 0.20645 0.626523 0.39822 0.211024 0.285517
4 0.599015 0.853523 0.31425 0.284321 0.276614
