1 0.631311 0.626184 0.0640053 0.0805291 0.831685
1 0.68825 0.447606 0.0487164 0.0816608 0.824394
1 0.572956 0.558386 0.0406578 0.0674422 0.821242
1 0.696427 0.303937 0.0360041 0.0393378 0.82084
1 0.598796 0.659384 0.0386585 0.0682016 0.795103
1 0.877523 0.449386 0.0563084 0.09533 0.787728
1 0.535395 0.668846 0.0415447 0.0466508 0.746173
1 0.718299 0.401576 0.024728 0.050592 0.745519
1 0.576792 0.634697 0.0424803 0.0644137 0.745336
1 0.535446 0.759437 0.054645 0.0656103 0.739588
1 0.701676 0.278388 0.0479448 0.0331002 0.707058
1 0.635765 0.380371 0.0194525 0.0421831 0.680485
1 0.541249 0.634196 0.0307341 0.0547807 0.667707
0 0.652824 0.870258 0.0381619 0.0457502 0.647501
1 0.656495 0.300393 0.0215397 0.0378256 0.574798
1 0.63138 0.626284 0.064094 0.0803695 0.826188
1 0.688262 0.447601 0.0487473 0.0817962 0.822566
1 0.696383 0.304016 0.0361107 0.0393265 0.819705
1 0.572996 0.558364 0.040651 0.0674061 0.817013
1 0.598812 0.659387 0.0386763 0.0683091 0.79332
1 0.877432 0.44927 0.0565971 0.0947806 0.774615
1 0.576753 0.634733 0.0424831 0.0643492 0.743959
1 0.535408 0.668797 0.0414595 0.0466278 0.742912
1 0.535483 0.759593 0.0541729 0.0648067 0.740552
1 0.718209 0.401518 0.0248927 0.0508434 0.738577
1 0.701628 0.278296 0.0483083 0.0332604 0.709959
1 0.63581 0.380326 0.0193634 0.0422558 0.666627
0 0.652489 0.870471 0.0377178 0.0455651 0.653302
1 0.54125 0.634225 0.0306772 0.0547254 0.652718
1 0.656498 0.300317 0.0217744 0.0381747 0.542303
1 0.63138 0.626284 0.064094 0.0803695 0.826188
1 0.688262 0.447601 0.0487473 0.0817962 0.822566
1 0.696383 0.304016 0.0361107 0.0393265 0.819705
1 0.572996 0.558364 0.040651 0.0674061 0.817013
1 0.598812 0.659387 0.0386763 0.0683091 0.79332
1 0.877432 0.44927 0.0565971 0.0947806 0.774615
1 0.576753 0.634733 0.0424831 0.0643492 0.743959
1 0.535408 0.668797 0.0414595 0.0466278 0.742912
1 0.535483 0.759593 0.0541729 0.0648067 0.740552
1 0.718209 0.401518 0.0248927 0.0508434 0.738577
1 0.701628 0.278296 0.0483083 0.0332604 0.709959
1 0.63581 0.380326 0.0193634 0.0422558 0.666627
0 0.652489 0.870471 0.0377178 0.0455651 0.653302
1 0.54125 0.634225 0.0306772 0.0547254 0.652718
1 0.656498 0.300317 0.0217744 0.0381747 0.542303
1 0.63138 0.626284 0.064094 0.0803695 0.826188
1 0.688262 0.447601 0.0487473 0.0817962 0.822566
1 0.696383 0.304016 0.0361107 0.0393265 0.819705
1 0.572996 0.558364 0.040651 0.0674061 0.817013
1 0.598812 0.659387 0.0386763 0.0683091 0.79332
1 0.877432 0.44927 0.0565971 0.0947806 0.774615
1 0.576753 0.634733 0.0424831 0.0643492 0.743959
1 0.535408 0.668797 0.0414595 0.0466278 0.742912
1 0.535483 0.759593 0.0541729 0.0648067 0.740552
1 0.718209 0.401518 0.0248927 0.0508434 0.738577
1 0.701628 0.278296 0.0483083 0.0332604 0.709959
1 0.63581 0.380326 0.0193634 0.0422558 0.666627
0 0.652489 0.870471 0.0377178 0.0455651 0.653302
1 0.54125 0.634225 0.0306772 0.0547254 0.652718
1 0.656498 0.300317 0.0217744 0.0381747 0.542303
