2 0.43468 0.227811 0.0260931 0.0674423 0.783689
2 0.360382 0.410961 0.051273 0.139515 0.747909
2 0.581011 0.36183 0.040714 0.0430105 0.743967
2 0.48047 0.245347 0.0172486 0.0460713 0.732174
2 0.559256 0.467012 0.0331089 0.0553334 0.727608
2 0.514614 0.372847 0.0343082 0.0885692 0.718816
2 0.0565845 0.817052 0.0368307 0.0878947 0.703704
2 0.663547 0.713207 0.0519867 0.106969 0.696632
2 0.420154 0.353748 0.0315016 0.0750805 0.69264
2 0.621307 0.69089 0.0374598 0.0837754 0.669436
2 0.43468 0.227811 0.0260931 0.0674423 0.783689
2 0.360382 0.410961 0.051273 0.139515 0.747909
2 0.581011 0.36183 0.040714 0.0430105 0.743967
2 0.48047 0.245347 0.0172486 0.0460713 0.732174
2 0.559256 0.467012 0.0331089 0.0553334 0.727608
2 0.514614 0.372847 0.0343082 0.0885692 0.718816
2 0.0565845 0.817052 0.0368307 0.0878947 0.703704
2 0.663547 0.713207 0.0519867 0.106969 0.696632
2 0.420154 0.353748 0.0315016 0.0750805 0.69264
2 0.621307 0.69089 0.0374598 0.0837754 0.669436
