0 0.427979 0.338135 0.0625698 0.13265 0.894593
0 0.643815 0.402528 0.0583403 0.0913291 0.872799
2 0.823793 0.703634 0.0710609 0.0930044 0.872263
0 0.663245 0.67415 0.0628773 0.109978 0.871821
0 0.609884 0.474498 0.0660628 0.0822683 0.850762
2 0.702057 0.847438 0.0784407 0.161146 0.846761
0 0.691115 0.554391 0.0473402 0.0947773 0.837575
0 0.77378 0.784231 0.0759695 0.122892 0.828676
3 0.875133 0.204999 0.0741425 0.110344 0.827121
0 0.478216 0.177273 0.0393682 0.0697822 0.812379
0 0.767146 0.848114 0.0426061 0.0670152 0.805614
2 0.697632 0.306907 0.0888849 0.122449 0.801528
2 0.823255 0.78011 0.0542966 0.0869587 0.796706
0 0.962446 0.497669 0.0403526 0.0683789 0.759242
0 0.642595 0.533716 0.0601975 0.0950616 0.700809
0 0.428065 0.338427 0.0635857 0.13337 0.900861
0 0.643729 0.402708 0.0580995 0.091121 0.874007
2 0.823837 0.703637 0.0708777 0.0928894 0.872255
0 0.663151 0.674164 0.0627446 0.109418 0.871657
0 0.610022 0.474558 0.0661488 0.0821927 0.848086
2 0.70209 0.847643 0.0782806 0.161683 0.847188
0 0.773728 0.784419 0.0760341 0.122781 0.841235
0 0.691083 0.554458 0.0473961 0.0950639 0.837276
3 0.874934 0.205331 0.0744808 0.110089 0.822428
0 0.478299 0.17734 0.0392642 0.0694946 0.820583
0 0.767193 0.848123 0.0426455 0.0667908 0.810364
2 0.697683 0.307347 0.0886887 0.121391 0.806315
2 0.823166 0.779898 0.0541084 0.0862466 0.797124
0 0.962481 0.498002 0.0400326 0.0686589 0.725512
0 0.642606 0.533084 0.0605644 0.0968358 0.718552
0 0.428065 0.338427 0.0635857 0.13337 0.900861
0 0.643729 0.402708 0.0580995 0.091121 0.874007
2 0.823837 0.703637 0.0708777 0.0928894 0.872255
0 0.663151 0.674164 0.0627446 0.109418 0.871657
0 0.610022 0.474558 0.0661488 0.0821927 0.848086
2 0.70209 0.847643 0.0782806 0.161683 0.847188
0 0.773728 0.784419 0.0760341 0.122781 0.841235
0 0.691083 0.554458 0.0473961 0.0950639 0.837276
3 0.874934 0.205331 0.0744808 0.110089 0.822428
0 0.478299 0.17734 0.0392642 0.0694946 0.820583
0 0.767193 0.848123 0.0426455 0.0667908 0.810364
2 0.697683 0.307347 0.0886887 0.121391 0.806315
2 0.823166 0.779898 0.0541084 0.0862466 0.797124
0 0.962481 0.498002 0.0400326 0.0686589 0.725512
0 0.642606 0.533084 0.0605644 0.0968358 0.718552
0 0.428065 0.338427 0.0635857 0.13337 0.900861
0 0.643729 0.402708 0.0580995 0.091121 0.874007
2 0.823837 0.703637 0.0708777 0.0928894 0.872255
0 0.663151 0.674164 0.0627446 0.109418 0.871657
0 0.610022 0.474558 0.0661488 0.0821927 0.848086
2 0.70209 0.847643 0.0782806 0.161683 0.847188
0 0.773728 0.784419 0.0760341 0.122781 0.841235
0 0.691083 0.554458 0.0473961 0.0950639 0.837276
3 0.874934 0.205331 0.0744808 0.110089 0.822428
0 0.478299 0.17734 0.0392642 0.0694946 0.820583
0 0.767193 0.848123 0.0426455 0.0667908 0.810364
2 0.697683 0.307347 0.0886887 0.121391 0.806315
2 0.823166 0.779898 0.0541084 0.0862466 0.797124
0 0.962481 0.498002 0.0400326 0.0686589 0.725512
0 0.642606 0.533084 0.0605644 0.0968358 0.718552
