1 0.804303 0.369669 0.0312458 0.061259 0.888616
1 0.836221 0.484103 0.0353756 0.0571951 0.878008
1 0.751845 0.666946 0.026197 0.0494688 0.870879
1 0.718228 0.663504 0.0315392 0.0447632 0.869325
1 0.848934 0.389939 0.0251095 0.0458813 0.837871
3 0.773868 0.662841 0.0149703 0.0309757 0.822081
3 0.558369 0.587883 0.0296477 0.0655242 0.759959
0 0.774655 0.475617 0.0232156 0.0310405 0.753144
2 0.138 0.378916 0.0305737 0.0624779 0.730794
0 0.756958 0.693449 0.0177109 0.0228793 0.62942
3 0.139811 0.502448 0.0275306 0.0513947 0.604843
3 0.0871675 0.490172 0.0191988 0.0430261 0.533693
3 0.132878 0.569157 0.0254354 0.0547723 0.514665
0 0.760957 0.591446 0.0193737 0.0159889 0.392235
1 0.804264 0.36968 0.0313456 0.0614487 0.882813
1 0.751845 0.666947 0.0262286 0.0494796 0.871799
1 0.718223 0.663486 0.0315599 0.0446995 0.86712
1 0.836223 0.484134 0.0353912 0.0572389 0.863725
1 0.848941 0.389944 0.0251526 0.0460762 0.832623
3 0.773858 0.66285 0.0149902 0.0309695 0.816681
3 0.558412 0.587958 0.0298474 0.0657593 0.737459
0 0.774731 0.475603 0.0234092 0.0312068 0.730676
2 0.138013 0.379041 0.0303518 0.0621684 0.722745
0 0.756976 0.693486 0.0177584 0.0229148 0.630253
3 0.139805 0.502413 0.0276725 0.0516127 0.589089
3 0.0872213 0.490193 0.0191676 0.0430215 0.538907
3 0.132871 0.569162 0.0254727 0.0551164 0.518384
0 0.760737 0.593403 0.018763 0.0164609 0.374125
1 0.804264 0.36968 0.0313456 0.0614487 0.882813
1 0.751845 0.666947 0.0262286 0.0494796 0.871799
1 0.718223 0.663486 0.0315599 0.0446995 0.86712
1 0.836223 0.484134 0.0353912 0.0572389 0.863725
1 0.848941 0.389944 0.0251526 0.0460762 0.832623
3 0.773858 0.66285 0.0149902 0.0309695 0.816681
3 0.558412 0.587958 0.0298474 0.0657593 0.737459
0 0.774731 0.475603 0.0234092 0.0312068 0.730676
2 0.138013 0.379041 0.0303518 0.0621684 0.722745
0 0.756976 0.693486 0.0177584 0.0229148 0.630253
3 0.139805 0.502413 0.0276725 0.0516127 0.589089
3 0.0872213 0.490193 0.0191676 0.0430215 0.538907
3 0.132871 0.569162 0.0254727 0.0551164 0.518384
0 0.760737 0.593403 0.018763 0.0164609 0.374125
1 0.804264 0.36968 0.0313456 0.0614487 0.882813
1 0.751845 0.666947 0.0262286 0.0494796 0.871799
1 0.718223 0.663486 0.0315599 0.0446995 0.86712
1 0.836223 0.484134 0.0353912 0.0572389 0.863725
1 0.848941 0.389944 0.0251526 0.0460762 0.832623
3 0.773858 0.66285 0.0149902 0.0309695 0.816681
3 0.558412 0.587958 0.0298474 0.0657593 0.737459
0 0.774731 0.475603 0.0234092 0.0312068 0.730676
2 0.138013 0.379041 0.0303518 0.0621684 0.722745
0 0.756976 0.693486 0.0177584 0.0229148 0.630253
3 0.139805 0.502413 0.0276725 0.0516127 0.589089
3 0.0872213 0.490193 0.0191676 0.0430215 0.538907
3 0.132871 0.569162 0.0254727 0.0551164 0.518384
0 0.760737 0.593403 0.018763 0.0164609 0.374125
