0 0.618394 0.590719 0.0340816 0.0624322 0.732627
0 0.644327 0.527494 0.0421375 0.038345 0.694997
0 0.788859 0.124071 0.0334051 0.0632757 0.666822
0 0.626965 0.0700301 0.0290008 0.0300525 0.53492
0 0.991243 0.416015 0.0175149 0.0469491 0.5056
0 0.992894 0.56951 0.014212 0.0436285 0.457072
0 0.789755 0.303047 0.0254003 0.0385484 0.39658
0 0.618423 0.590681 0.0339711 0.0624563 0.742332
0 0.644365 0.527527 0.0418452 0.0377485 0.703425
0 0.788701 0.124272 0.033715 0.0638389 0.659641
0 0.991319 0.416052 0.0173615 0.0470505 0.514868
0 0.627072 0.0701859 0.0297918 0.0312573 0.507163
0 0.992859 0.569395 0.0142817 0.0436815 0.471289
0 0.789735 0.303021 0.025255 0.0385675 0.40027
0 0.546223 0.414679 0.0226086 0.0321017 0.258559
0 0.540983 0.489899 0.0144606 0.0171891 0.256586
0 0.618423 0.590681 0.0339711 0.0624563 0.742332
0 0.644365 0.527527 0.0418452 0.0377485 0.703425
0 0.788701 0.124272 0.033715 0.0638389 0.659641
0 0.991319 0.416052 0.0173615 0.0470505 0.514868
0 0.627072 0.0701859 0.0297918 0.0312573 0.507163
0 0.992859 0.569395 0.0142817 0.0436815 0.471289
0 0.789735 0.303021 0.025255 0.0385675 0.40027
0 0.546223 0.414679 0.0226086 0.0321017 0.258559
0 0.540983 0.489899 0.0144606 0.0171891 0.256586
0 0.618423 0.590681 0.0339711 0.0624563 0.742332
0 0.644365 0.527527 0.0418452 0.0377485 0.703425
0 0.788701 0.124272 0.033715 0.0638389 0.659641
0 0.991319 0.416052 0.0173615 0.0470505 0.514868
0 0.627072 0.0701859 0.0297918 0.0312573 0.507163
0 0.992859 0.569395 0.0142817 0.0436815 0.471289
0 0.789735 0.303021 0.025255 0.0385675 0.40027
0 0.546223 0.414679 0.0226086 0.0321017 0.258559
0 0.540983 0.489899 0.0144606 0.0171891 0.256586
