1 0.503925 0.624856 0.0747894 0.153834 0.828831
1 0.652878 0.259567 0.0633127 0.0830063 0.458191
0 0.65326 0.260334 0.0628844 0.0835388 0.428844
1 0.503957 0.624817 0.0747835 0.154999 0.826441
1 0.652733 0.259696 0.0639705 0.0828243 0.446618
0 0.653279 0.260481 0.0632639 0.0834544 0.443233
1 0.503957 0.624817 0.0747835 0.154999 0.826441
1 0.652733 0.259696 0.0639705 0.0828243 0.446618
0 0.653279 0.260481 0.0632639 0.0834544 0.443233
1 0.503957 0.624817 0.0747835 0.154999 0.826441
1 0.652733 0.259696 0.0639705 0.0828243 0.446618
0 0.653279 0.260481 0.0632639 0.0834544 0.443233
