1 0.252131 0.14345 0.0526483 0.0728264 0.839554
3 0.533531 0.228474 0.0344624 0.0758132 0.838479
1 0.305914 0.170696 0.0584601 0.104118 0.797357
1 0.257103 0.202804 0.0468348 0.0782789 0.7959
1 0.647345 0.412886 0.042221 0.0934023 0.783516
1 0.258739 0.265002 0.0530892 0.0914278 0.766182
1 0.62918 0.258799 0.039151 0.0663288 0.753967
2 0.702996 0.502282 0.0481419 0.0872408 0.747202
1 0.506064 0.218458 0.0344194 0.0740155 0.743399
1 0.496913 0.306967 0.0327518 0.0565345 0.627429
1 0.221636 0.312527 0.0460995 0.0803042 0.576584
1 0.252199 0.143599 0.052392 0.0731523 0.834217
3 0.533698 0.22862 0.0348217 0.0764478 0.829078
1 0.257157 0.203269 0.0473614 0.0790591 0.796154
1 0.305956 0.171051 0.0585645 0.105697 0.790844
1 0.647351 0.412746 0.0420225 0.0932647 0.77977
1 0.25849 0.266012 0.0533378 0.092353 0.747122
2 0.702995 0.502253 0.0480701 0.087436 0.740382
1 0.62885 0.258981 0.0394148 0.0660785 0.722163
1 0.505956 0.218775 0.0348124 0.0750319 0.720897
1 0.496829 0.307097 0.0328526 0.0567734 0.589712
1 0.221545 0.312434 0.0460487 0.0823268 0.520643
1 0.252199 0.143599 0.052392 0.0731523 0.834217
3 0.533698 0.22862 0.0348217 0.0764478 0.829078
1 0.257157 0.203269 0.0473614 0.0790591 0.796154
1 0.305956 0.171051 0.0585645 0.105697 0.790844
1 0.647351 0.412746 0.0420225 0.0932647 0.77977
1 0.25849 0.266012 0.0533378 0.092353 0.747122
2 0.702995 0.502253 0.0480701 0.087436 0.740382
1 0.62885 0.258981 0.0394148 0.0660785 0.722163
1 0.505956 0.218775 0.0348124 0.0750319 0.720897
1 0.496829 0.307097 0.0328526 0.0567734 0.589712
1 0.221545 0.312434 0.0460487 0.0823268 0.520643
1 0.252199 0.143599 0.052392 0.0731523 0.834217
3 0.533698 0.22862 0.0348217 0.0764478 0.829078
1 0.257157 0.203269 0.0473614 0.0790591 0.796154
1 0.305956 0.171051 0.0585645 0.105697 0.790844
1 0.647351 0.412746 0.0420225 0.0932647 0.77977
1 0.25849 0.266012 0.0533378 0.092353 0.747122
2 0.702995 0.502253 0.0480701 0.087436 0.740382
1 0.62885 0.258981 0.0394148 0.0660785 0.722163
1 0.505956 0.218775 0.0348124 0.0750319 0.720897
1 0.496829 0.307097 0.0328526 0.0567734 0.589712
1 0.221545 0.312434 0.0460487 0.0823268 0.520643
