3 0.452261 0.884948 0.044874 0.0696069 0.816209
0 0.416274 0.80684 0.0369984 0.0480817 0.767571
0 0.439709 0.819854 0.0245268 0.0615866 0.750834
1 0.35273 0.463016 0.0302465 0.0572247 0.741719
1 0.407162 0.770005 0.0412256 0.0602389 0.737933
1 0.561634 0.432626 0.0334881 0.0837951 0.707874
1 0.51967 0.44538 0.0328562 0.0745421 0.704986
1 0.588365 0.428041 0.0339401 0.0713564 0.701352
0 0.39233 0.496415 0.0249059 0.05392 0.698157
0 0.47859 0.614971 0.0264732 0.0468765 0.685376
0 0.449234 0.442528 0.0266188 0.0537241 0.677029
1 0.389935 0.718314 0.0604505 0.0484051 0.611223
1 0.302299 0.547152 0.0317308 0.0851875 0.584925
1 0.359652 0.494045 0.0244546 0.0646548 0.575897
1 0.33589 0.522763 0.0302049 0.0754064 0.569034
1 0.466346 0.323521 0.0581173 0.0405601 0.555531
0 0.407917 0.770411 0.0414286 0.0620078 0.349028
3 0.45232 0.885192 0.0452721 0.0701075 0.816412
0 0.416261 0.806811 0.036975 0.0480673 0.767235
0 0.439714 0.819881 0.0245001 0.0617558 0.75011
1 0.352804 0.46321 0.0298804 0.0572226 0.742974
1 0.407123 0.770044 0.0412896 0.060221 0.731628
1 0.561578 0.432794 0.0335706 0.0839486 0.703604
1 0.519751 0.445429 0.0329681 0.0747875 0.703572
1 0.588411 0.428114 0.0340839 0.0711325 0.696393
0 0.392347 0.496395 0.0247483 0.053479 0.695826
0 0.478604 0.614955 0.0265093 0.0465973 0.690093
0 0.449252 0.442572 0.0264376 0.0537426 0.682082
1 0.389985 0.718363 0.06041 0.0482614 0.619749
1 0.302394 0.54713 0.0314761 0.0850419 0.603235
1 0.35963 0.494029 0.0243228 0.0645311 0.576581
1 0.335883 0.522761 0.030255 0.0754451 0.572779
1 0.466071 0.323562 0.0578677 0.0387184 0.532236
0 0.407898 0.770426 0.0414447 0.0619441 0.341591
3 0.45232 0.885192 0.0452721 0.0701075 0.816412
0 0.416261 0.806811 0.036975 0.0480673 0.767235
0 0.439714 0.819881 0.0245001 0.0617558 0.75011
1 0.352804 0.46321 0.0298804 0.0572226 0.742974
1 0.407123 0.770044 0.0412896 0.060221 0.731628
1 0.561578 0.432794 0.0335706 0.0839486 0.703604
1 0.519751 0.445429 0.0329681 0.0747875 0.703572
1 0.588411 0.428114 0.0340839 0.0711325 0.696393
0 0.392347 0.496395 0.0247483 0.053479 0.695826
0 0.478604 0.614955 0.0265093 0.0465973 0.690093
0 0.449252 0.442572 0.0264376 0.0537426 0.682082
1 0.389985 0.718363 0.06041 0.0482614 0.619749
1 0.302394 0.54713 0.0314761 0.0850419 0.603235
1 0.35963 0.494029 0.0243228 0.0645311 0.576581
1 0.335883 0.522761 0.030255 0.0754451 0.572779
1 0.466071 0.323562 0.0578677 0.0387184 0.532236
0 0.407898 0.770426 0.0414447 0.0619441 0.341591
3 0.45232 0.885192 0.0452721 0.0701075 0.816412
0 0.416261 0.806811 0.036975 0.0480673 0.767235
0 0.439714 0.819881 0.0245001 0.0617558 0.75011
1 0.352804 0.46321 0.0298804 0.0572226 0.742974
1 0.407123 0.770044 0.0412896 0.060221 0.731628
1 0.561578 0.432794 0.0335706 0.0839486 0.703604
1 0.519751 0.445429 0.0329681 0.0747875 0.703572
1 0.588411 0.428114 0.0340839 0.0711325 0.696393
0 0.392347 0.496395 0.0247483 0.053479 0.695826
0 0.478604 0.614955 0.0265093 0.0465973 0.690093
0 0.449252 0.442572 0.0264376 0.0537426 0.682082
1 0.389985 0.718363 0.06041 0.0482614 0.619749
1 0.302394 0.54713 0.0314761 0.0850419 0.603235
1 0.35963 0.494029 0.0243228 0.0645311 0.576581
1 0.335883 0.522761 0.030255 0.0754451 0.572779
1 0.466071 0.323562 0.0578677 0.0387184 0.532236
0 0.407898 0.770426 0.0414447 0.0619441 0.341591
