1 0.915404 0.735601 0.0413616 0.0898409 0.828003
1 0.868104 0.848121 0.0357433 0.0866306 0.798009
1 0.650321 0.573785 0.0235983 0.0330754 0.689161
1 0.691097 0.688419 0.0296445 0.0346663 0.667814
0 0.67842 0.769483 0.0337146 0.0324228 0.558055
0 0.722989 0.770095 0.0207547 0.0313511 0.546665
0 0.8433 0.833714 0.0225938 0.0593241 0.542866
0 0.766387 0.613158 0.0180456 0.0333182 0.507658
1 0.663085 0.716193 0.0220411 0.0401118 0.499786
1 0.538393 0.696343 0.0202963 0.0343609 0.489834
0 0.47141 0.678258 0.0191151 0.0340077 0.469853
1 0.67898 0.770373 0.0330689 0.0326679 0.402637
0 0.701766 0.895237 0.020822 0.0313705 0.33569
1 0.91535 0.735689 0.0414793 0.089517 0.829273
1 0.868156 0.847937 0.0359531 0.0868275 0.783859
1 0.650283 0.573698 0.023471 0.0330205 0.694052
1 0.691139 0.68847 0.0298486 0.0350412 0.66838
0 0.678389 0.76969 0.0340804 0.0330454 0.549453
0 0.843345 0.833368 0.0226761 0.0592245 0.544997
1 0.663078 0.716224 0.022205 0.040234 0.537808
0 0.723018 0.770289 0.0208797 0.0317275 0.517203
1 0.538408 0.696302 0.0200804 0.0341826 0.500794
0 0.766422 0.613174 0.0179156 0.033005 0.492475
0 0.471376 0.678218 0.0189947 0.0339539 0.43494
1 0.679001 0.770547 0.0334688 0.0336423 0.403078
0 0.701766 0.895216 0.0208804 0.031411 0.376495
1 0.91535 0.735689 0.0414793 0.089517 0.829273
1 0.868156 0.847937 0.0359531 0.0868275 0.783859
1 0.650283 0.573698 0.023471 0.0330205 0.694052
1 0.691139 0.68847 0.0298486 0.0350412 0.66838
0 0.678389 0.76969 0.0340804 0.0330454 0.549453
0 0.843345 0.833368 0.0226761 0.0592245 0.544997
1 0.663078 0.716224 0.022205 0.040234 0.537808
0 0.723018 0.770289 0.0208797 0.0317275 0.517203
1 0.538408 0.696302 0.0200804 0.0341826 0.500794
0 0.766422 0.613174 0.0179156 0.033005 0.492475
0 0.471376 0.678218 0.0189947 0.0339539 0.43494
1 0.679001 0.770547 0.0334688 0.0336423 0.403078
0 0.701766 0.895216 0.0208804 0.031411 0.376495
1 0.91535 0.735689 0.0414793 0.089517 0.829273
1 0.868156 0.847937 0.0359531 0.0868275 0.783859
1 0.650283 0.573698 0.023471 0.0330205 0.694052
1 0.691139 0.68847 0.0298486 0.0350412 0.66838
0 0.678389 0.76969 0.0340804 0.0330454 0.549453
0 0.843345 0.833368 0.0226761 0.0592245 0.544997
1 0.663078 0.716224 0.022205 0.040234 0.537808
0 0.723018 0.770289 0.0208797 0.0317275 0.517203
1 0.538408 0.696302 0.0200804 0.0341826 0.500794
0 0.766422 0.613174 0.0179156 0.033005 0.492475
0 0.471376 0.678218 0.0189947 0.0339539 0.43494
1 0.679001 0.770547 0.0334688 0.0336423 0.403078
0 0.701766 0.895216 0.0208804 0.031411 0.376495
