1 0.139817 0.683926 0.0695536 0.0883214 0.875145
1 0.359364 0.561171 0.0659206 0.0940254 0.872598
1 0.0541305 0.680852 0.0496216 0.102044 0.863952
1 0.202777 0.920576 0.0438676 0.0710944 0.831081
2 0.374553 0.333551 0.0850663 0.114888 0.82841
2 0.437154 0.75819 0.0482761 0.086506 0.806012
1 0.0313205 0.602235 0.050013 0.0761399 0.800217
1 0.0771266 0.539648 0.0454227 0.063786 0.779635
3 0.192559 0.694778 0.0248353 0.0378881 0.716332
1 0.185405 0.722119 0.0238558 0.0446973 0.709879
1 0.0448234 0.641404 0.0422812 0.076236 0.600478
3 0.61028 0.87897 0.028436 0.0333797 0.578009
1 0.169331 0.792068 0.0249406 0.0517801 0.500332
2 0.978894 0.690273 0.0156541 0.0267357 0.475703
3 0.600901 0.92183 0.0212187 0.0395928 0.310213
1 0.35946 0.561193 0.0657638 0.0940594 0.872929
1 0.13983 0.683863 0.0695735 0.0881014 0.872861
1 0.0541633 0.680746 0.0498678 0.101892 0.8576
2 0.374357 0.333743 0.0855908 0.116037 0.827806
1 0.202843 0.920798 0.0448159 0.0720553 0.818551
2 0.437224 0.758176 0.0482185 0.0865764 0.809417
1 0.0313345 0.602247 0.0501 0.0757521 0.792603
1 0.0770911 0.539607 0.045302 0.063858 0.790388
3 0.192677 0.694811 0.0251925 0.0384261 0.703612
1 0.184984 0.721757 0.0230302 0.0451543 0.673708
1 0.0449189 0.641355 0.0422498 0.0764419 0.601911
3 0.610249 0.878855 0.0282997 0.0331889 0.575832
2 0.978889 0.690161 0.0152786 0.0260622 0.504938
1 0.169222 0.791798 0.0252622 0.0515295 0.439742
1 0.946051 0.661722 0.0129414 0.0234826 0.344121
3 0.600962 0.921853 0.0213196 0.0398686 0.331438
1 0.972879 0.653405 0.0132212 0.0238333 0.327959
1 0.972263 0.607229 0.0141407 0.0227404 0.30326
1 0.35946 0.561193 0.0657638 0.0940594 0.872929
1 0.13983 0.683863 0.0695735 0.0881014 0.872861
1 0.0541633 0.680746 0.0498678 0.101892 0.8576
2 0.374357 0.333743 0.0855908 0.116037 0.827806
1 0.202843 0.920798 0.0448159 0.0720553 0.818551
2 0.437224 0.758176 0.0482185 0.0865764 0.809417
1 0.0313345 0.602247 0.0501 0.0757521 0.792603
1 0.0770911 0.539607 0.045302 0.063858 0.790388
3 0.192677 0.694811 0.0251925 0.0384261 0.703612
1 0.184984 0.721757 0.0230302 0.0451543 0.673708
1 0.0449189 0.641355 0.0422498 0.0764419 0.601911
3 0.610249 0.878855 0.0282997 0.0331889 0.575832
2 0.978889 0.690161 0.0152786 0.0260622 0.504938
1 0.169222 0.791798 0.0252622 0.0515295 0.439742
1 0.946051 0.661722 0.0129414 0.0234826 0.344121
3 0.600962 0.921853 0.0213196 0.0398686 0.331438
1 0.972879 0.653405 0.0132212 0.0238333 0.327959
1 0.972263 0.607229 0.0141407 0.0227404 0.30326
1 0.35946 0.561193 0.0657638 0.0940594 0.872929
1 0.13983 0.683863 0.0695735 0.0881014 0.872861
1 0.0541633 0.680746 0.0498678 0.101892 0.8576
2 0.374357 0.333743 0.0855908 0.116037 0.827806
1 0.202843 0.920798 0.0448159 0.0720553 0.818551
2 0.437224 0.758176 0.0482185 0.0865764 0.809417
1 0.0313345 0.602247 0.0501 0.0757521 0.792603
1 0.0770911 0.539607 0.045302 0.063858 0.790388
3 0.192677 0.694811 0.0251925 0.0384261 0.703612
1 0.184984 0.721757 0.0230302 0.0451543 0.673708
1 0.0449189 0.641355 0.0422498 0.0764419 0.601911
3 0.610249 0.878855 0.0282997 0.0331889 0.575832
2 0.978889 0.690161 0.0152786 0.0260622 0.504938
1 0.169222 0.791798 0.0252622 0.0515295 0.439742
1 0.946051 0.661722 0.0129414 0.0234826 0.344121
3 0.600962 0.921853 0.0213196 0.0398686 0.331438
1 0.972879 0.653405 0.0132212 0.0238333 0.327959
1 0.972263 0.607229 0.0141407 0.0227404 0.30326
