1 0.0869347 0.888876 0.122226 0.13579 0.76605
0 0.684791 0.273265 0.0302435 0.0513864 0.72214
0 0.422192 0.607839 0.128138 0.172528 0.646718
0 0.415088 0.462061 0.0491913 0.0500489 0.609169
1 0.422061 0.608842 0.126633 0.170718 0.442816
0 0.0124792 0.864871 0.0247426 0.0575304 0.316128
1 0.087311 0.888216 0.120207 0.132375 0.78382
0 0.684981 0.273339 0.0312527 0.052272 0.715388
0 0.422192 0.607602 0.129128 0.172511 0.647836
0 0.41507 0.462092 0.0495077 0.0496202 0.576735
1 0.422301 0.608696 0.127985 0.171001 0.436951
0 0.0122256 0.864606 0.0243895 0.0564894 0.283913
1 0.087311 0.888216 0.120207 0.132375 0.78382
0 0.684981 0.273339 0.0312527 0.052272 0.715388
0 0.422192 0.607602 0.129128 0.172511 0.647836
0 0.41507 0.462092 0.0495077 0.0496202 0.576735
1 0.422301 0.608696 0.127985 0.171001 0.436951
0 0.0122256 0.864606 0.0243895 0.0564894 0.283913
1 0.087311 0.888216 0.120207 0.132375 0.78382
0 0.684981 0.273339 0.0312527 0.052272 0.715388
0 0.422192 0.607602 0.129128 0.172511 0.647836
0 0.41507 0.462092 0.0495077 0.0496202 0.576735
1 0.422301 0.608696 0.127985 0.171001 0.436951
0 0.0122256 0.864606 0.0243895 0.0564894 0.283913
