4 0.517597 0.397496 0.534503 0.793895 0.88284
4 0.184901 0.335691 0.359104 0.559629 0.755407
4 0.888009 0.447577 0.223981 0.881852 0.648695
4 0.515571 0.397962 0.53071 0.78805 0.854579
4 0.184629 0.335135 0.358242 0.557064 0.756964
4 0.874431 0.439197 0.251139 0.86341 0.598652
4 0.515571 0.397962 0.53071 0.78805 0.854579
4 0.184629 0.335135 0.358242 0.557064 0.756964
4 0.874431 0.439197 0.251139 0.86341 0.598652
4 0.515571 0.397962 0.53071 0.78805 0.854579
4 0.184629 0.335135 0.358242 0.557064 0.756964
4 0.874431 0.439197 0.251139 0.86341 0.598652
