3 0.489487 0.745438 0.0533253 0.150138 0.85739
1 0.520782 0.822808 0.0640581 0.112879 0.852745
1 0.437843 0.498827 0.0770967 0.12299 0.838434
1 0.533562 0.612619 0.0885605 0.108935 0.799504
1 0.558145 0.919777 0.060714 0.0690358 0.707771
1 0.520794 0.822845 0.0641956 0.113099 0.852454
3 0.489748 0.745228 0.0533047 0.150614 0.850457
1 0.43787 0.498809 0.0774022 0.123204 0.830584
1 0.533779 0.612119 0.0890074 0.109631 0.804125
1 0.558004 0.919579 0.0616049 0.0698324 0.70709
1 0.520794 0.822845 0.0641956 0.113099 0.852454
3 0.489748 0.745228 0.0533047 0.150614 0.850457
1 0.43787 0.498809 0.0774022 0.123204 0.830584
1 0.533779 0.612119 0.0890074 0.109631 0.804125
1 0.558004 0.919579 0.0616049 0.0698324 0.70709
1 0.520794 0.822845 0.0641956 0.113099 0.852454
3 0.489748 0.745228 0.0533047 0.150614 0.850457
1 0.43787 0.498809 0.0774022 0.123204 0.830584
1 0.533779 0.612119 0.0890074 0.109631 0.804125
1 0.558004 0.919579 0.0616049 0.0698324 0.70709
