1 0.632531 0.538876 0.12109 0.159601 0.863287
0 0.562482 0.397961 0.0904545 0.0773223 0.813853
0 0.274159 0.545746 0.0835067 0.0946364 0.807181
1 0.658013 0.306731 0.0706891 0.133009 0.801601
0 0.341877 0.588574 0.0468347 0.121068 0.797575
0 0.661924 0.637067 0.0935218 0.083872 0.784969
0 0.594758 0.302036 0.0698477 0.0708765 0.737344
0 0.527472 0.597435 0.049017 0.0478804 0.712191
0 0.287705 0.421869 0.0561693 0.0478707 0.616589
0 0.492317 0.345609 0.0266615 0.0483522 0.493969
1 0.562171 0.850872 0.0949582 0.143577 0.484066
3 0.562208 0.851484 0.0928169 0.143483 0.472326
0 0.691312 0.438871 0.078583 0.0754992 0.412234
0 0.458256 0.473279 0.0240653 0.0384617 0.320491
1 0.632529 0.538942 0.120789 0.159687 0.868495
0 0.562373 0.397978 0.0908598 0.077347 0.814835
1 0.658253 0.307574 0.0717835 0.131711 0.804655
0 0.274781 0.545255 0.0838734 0.0934973 0.802284
0 0.341886 0.588655 0.0468007 0.120641 0.795756
0 0.662788 0.636623 0.0953617 0.0859023 0.780258
0 0.594958 0.300271 0.0688839 0.0729701 0.725053
0 0.527405 0.597459 0.0488267 0.0464661 0.709277
1 0.561965 0.8505 0.0945938 0.142346 0.612988
0 0.287722 0.421922 0.0556037 0.0465502 0.583539
0 0.492317 0.345488 0.0268496 0.0484799 0.505152
3 0.562114 0.851227 0.0927292 0.142624 0.402529
0 0.691259 0.438627 0.0786884 0.0753534 0.382533
0 0.45823 0.473249 0.0240137 0.0384608 0.352991
0 0.505732 0.462141 0.0280783 0.0346769 0.269654
1 0.632529 0.538942 0.120789 0.159687 0.868495
0 0.562373 0.397978 0.0908598 0.077347 0.814835
1 0.658253 0.307574 0.0717835 0.131711 0.804655
0 0.274781 0.545255 0.0838734 0.0934973 0.802284
0 0.341886 0.588655 0.0468007 0.120641 0.795756
0 0.662788 0.636623 0.0953617 0.0859023 0.780258
0 0.594958 0.300271 0.0688839 0.0729701 0.725053
0 0.527405 0.597459 0.0488267 0.0464661 0.709277
1 0.561965 0.8505 0.0945938 0.142346 0.612988
0 0.287722 0.421922 0.0556037 0.0465502 0.583539
0 0.492317 0.345488 0.0268496 0.0484799 0.505152
3 0.562114 0.851227 0.0927292 0.142624 0.402529
0 0.691259 0.438627 0.0786884 0.0753534 0.382533
0 0.45823 0.473249 0.0240137 0.0384608 0.352991
0 0.505732 0.462141 0.0280783 0.0346769 0.269654
1 0.632529 0.538942 0.120789 0.159687 0.868495
0 0.562373 0.397978 0.0908598 0.077347 0.814835
1 0.658253 0.307574 0.0717835 0.131711 0.804655
0 0.274781 0.545255 0.0838734 0.0934973 0.802284
0 0.341886 0.588655 0.0468007 0.120641 0.795756
0 0.662788 0.636623 0.0953617 0.0859023 0.780258
0 0.594958 0.300271 0.0688839 0.0729701 0.725053
0 0.527405 0.597459 0.0488267 0.0464661 0.709277
1 0.561965 0.8505 0.0945938 0.142346 0.612988
0 0.287722 0.421922 0.0556037 0.0465502 0.583539
0 0.492317 0.345488 0.0268496 0.0484799 0.505152
3 0.562114 0.851227 0.0927292 0.142624 0.402529
0 0.691259 0.438627 0.0786884 0.0753534 0.382533
0 0.45823 0.473249 0.0240137 0.0384608 0.352991
0 0.505732 0.462141 0.0280783 0.0346769 0.269654
