1 0.524827 0.669245 0.0813726 0.197767 0.872482
1 0.447672 0.669816 0.080821 0.200078 0.850634
1 0.888719 0.86524 0.0943962 0.170818 0.826555
1 0.107586 0.0844919 0.0606473 0.128323 0.791564
1 0.0750933 0.621751 0.0511175 0.137846 0.733714
1 0.167759 0.495441 0.0546339 0.0889414 0.733194
1 0.947858 0.260586 0.0733677 0.0618837 0.722143
1 0.77079 0.817979 0.0802377 0.186011 0.701227
1 0.873113 0.292232 0.0481913 0.121152 0.52412
1 0.853876 0.178183 0.0578835 0.0521102 0.441931
1 0.524737 0.669163 0.0809839 0.196754 0.876225
1 0.447262 0.669442 0.0822296 0.201292 0.849616
1 0.88868 0.865391 0.0944659 0.169648 0.820004
1 0.107535 0.0846745 0.060423 0.129093 0.804785
1 0.770739 0.818171 0.0800482 0.185954 0.748169
1 0.16771 0.495406 0.0547721 0.0892273 0.747795
1 0.0751242 0.621506 0.050878 0.137539 0.73723
1 0.948048 0.260606 0.0731753 0.0621223 0.726443
1 0.872943 0.292691 0.0490376 0.121889 0.583016
1 0.854014 0.177977 0.057438 0.0522461 0.45311
1 0.524737 0.669163 0.0809839 0.196754 0.876225
1 0.447262 0.669442 0.0822296 0.201292 0.849616
1 0.88868 0.865391 0.0944659 0.169648 0.820004
1 0.107535 0.0846745 0.060423 0.129093 0.804785
1 0.770739 0.818171 0.0800482 0.185954 0.748169
1 0.16771 0.495406 0.0547721 0.0892273 0.747795
1 0.0751242 0.621506 0.050878 0.137539 0.73723
1 0.948048 0.260606 0.0731753 0.0621223 0.726443
1 0.872943 0.292691 0.0490376 0.121889 0.583016
1 0.854014 0.177977 0.057438 0.0522461 0.45311
1 0.524737 0.669163 0.0809839 0.196754 0.876225
1 0.447262 0.669442 0.0822296 0.201292 0.849616
1 0.88868 0.865391 0.0944659 0.169648 0.820004
1 0.107535 0.0846745 0.060423 0.129093 0.804785
1 0.770739 0.818171 0.0800482 0.185954 0.748169
1 0.16771 0.495406 0.0547721 0.0892273 0.747795
1 0.0751242 0.621506 0.050878 0.137539 0.73723
1 0.948048 0.260606 0.0731753 0.0621223 0.726443
1 0.872943 0.292691 0.0490376 0.121889 0.583016
1 0.854014 0.177977 0.057438 0.0522461 0.45311
