1 0.26351 0.295337 0.0727924 0.119709 0.864214
1 0.514336 0.946265 0.0862577 0.0982936 0.855045
1 0.331851 0.393741 0.0888753 0.0934098 0.840196
1 0.358815 0.245753 0.0747593 0.160682 0.838095
1 0.225946 0.0743522 0.0551623 0.109693 0.820267
1 0.460276 0.222614 0.0682238 0.0831508 0.816922
0 0.466507 0.556418 0.0529867 0.055558 0.778033
1 0.348214 0.930183 0.0755678 0.0787092 0.771815
0 0.40218 0.924218 0.0415176 0.0730512 0.771258
1 0.349184 0.454956 0.0614983 0.0936488 0.76575
0 0.498556 0.851147 0.0554482 0.0503862 0.752317
1 0.319823 0.560211 0.0677122 0.0764575 0.748378
0 0.471678 0.444066 0.0410273 0.0533452 0.744295
1 0.4113 0.820518 0.0468592 0.0808978 0.706682
2 0.0190611 0.981956 0.037846 0.0360876 0.671491
0 0.354123 0.865681 0.0662268 0.0859664 0.655575
0 0.439898 0.383604 0.0451174 0.0888303 0.546114
1 0.43968 0.383881 0.0450989 0.0894041 0.409135
1 0.353691 0.86592 0.0656219 0.0871047 0.303932
1 0.263267 0.295262 0.0732853 0.120056 0.867981
1 0.514326 0.946109 0.0865101 0.0983866 0.852063
1 0.358838 0.245619 0.0744471 0.160872 0.840106
1 0.331839 0.393746 0.0887126 0.0935137 0.83776
1 0.226159 0.0740931 0.0554047 0.109279 0.821635
1 0.460309 0.222432 0.0684067 0.0832572 0.815639
1 0.348302 0.92999 0.0754314 0.078317 0.800107
0 0.466481 0.556418 0.0532623 0.0558899 0.77617
0 0.402165 0.924201 0.041521 0.073141 0.775417
1 0.349135 0.454917 0.0620758 0.094034 0.768755
0 0.498533 0.851058 0.0556263 0.0506707 0.759315
1 0.31983 0.560108 0.0678986 0.0764465 0.752613
0 0.471687 0.444189 0.0412055 0.0535637 0.739563
1 0.411376 0.820589 0.0462343 0.0805729 0.733192
2 0.0195753 0.981661 0.0390443 0.0366788 0.673672
0 0.354259 0.865832 0.0656174 0.0860168 0.648345
0 0.439901 0.383977 0.0451031 0.0890815 0.51825
1 0.439691 0.384226 0.045241 0.0896625 0.414306
1 0.0660654 0.179451 0.0300958 0.0590116 0.342967
1 0.353803 0.865964 0.06514 0.0868265 0.307168
1 0.263267 0.295262 0.0732853 0.120056 0.867981
1 0.514326 0.946109 0.0865101 0.0983866 0.852063
1 0.358838 0.245619 0.0744471 0.160872 0.840106
1 0.331839 0.393746 0.0887126 0.0935137 0.83776
1 0.226159 0.0740931 0.0554047 0.109279 0.821635
1 0.460309 0.222432 0.0684067 0.0832572 0.815639
1 0.348302 0.92999 0.0754314 0.078317 0.800107
0 0.466481 0.556418 0.0532623 0.0558899 0.77617
0 0.402165 0.924201 0.041521 0.073141 0.775417
1 0.349135 0.454917 0.0620758 0.094034 0.768755
0 0.498533 0.851058 0.0556263 0.0506707 0.759315
1 0.31983 0.560108 0.0678986 0.0764465 0.752613
0 0.471687 0.444189 0.0412055 0.0535637 0.739563
1 0.411376 0.820589 0.0462343 0.0805729 0.733192
2 0.0195753 0.981661 0.0390443 0.0366788 0.673672
0 0.354259 0.865832 0.0656174 0.0860168 0.648345
0 0.439901 0.383977 0.0451031 0.0890815 0.51825
1 0.439691 0.384226 0.045241 0.0896625 0.414306
1 0.0660654 0.179451 0.0300958 0.0590116 0.342967
1 0.353803 0.865964 0.06514 0.0868265 0.307168
1 0.263267 0.295262 0.0732853 0.120056 0.867981
1 0.514326 0.946109 0.0865101 0.0983866 0.852063
1 0.358838 0.245619 0.0744471 0.160872 0.840106
1 0.331839 0.393746 0.0887126 0.0935137 0.83776
1 0.226159 0.0740931 0.0554047 0.109279 0.821635
1 0.460309 0.222432 0.0684067 0.0832572 0.815639
1 0.348302 0.92999 0.0754314 0.078317 0.800107
0 0.466481 0.556418 0.0532623 0.0558899 0.77617
0 0.402165 0.924201 0.041521 0.073141 0.775417
1 0.349135 0.454917 0.0620758 0.094034 0.768755
0 0.498533 0.851058 0.0556263 0.0506707 0.759315
1 0.31983 0.560108 0.0678986 0.0764465 0.752613
0 0.471687 0.444189 0.0412055 0.0535637 0.739563
1 0.411376 0.820589 0.0462343 0.0805729 0.733192
2 0.0195753 0.981661 0.0390443 0.0366788 0.673672
0 0.354259 0.865832 0.0656174 0.0860168 0.648345
0 0.439901 0.383977 0.0451031 0.0890815 0.51825
1 0.439691 0.384226 0.045241 0.0896625 0.414306
1 0.0660654 0.179451 0.0300958 0.0590116 0.342967
1 0.353803 0.865964 0.06514 0.0868265 0.307168
