4 0.258596 0.738391 0.300135 0.45447 0.866347
4 0.868238 0.752891 0.263518 0.486901 0.816832
4 0.486723 0.602935 0.300385 0.456787 0.569634
4 0.411241 0.348383 0.803238 0.249353 0.530048
4 0.260079 0.740835 0.303416 0.452075 0.838092
4 0.8676 0.749206 0.2648 0.492437 0.806844
4 0.489359 0.607014 0.29739 0.455723 0.576644
4 0.410064 0.335228 0.807418 0.226891 0.499718
4 0.260079 0.740835 0.303416 0.452075 0.838092
4 0.8676 0.749206 0.2648 0.492437 0.806844
4 0.489359 0.607014 0.29739 0.455723 0.576644
4 0.410064 0.335228 0.807418 0.226891 0.499718
4 0.260079 0.740835 0.303416 0.452075 0.838092
4 0.8676 0.749206 0.2648 0.492437 0.806844
4 0.489359 0.607014 0.29739 0.455723 0.576644
4 0.410064 0.335228 0.807418 0.226891 0.499718
