1 0.540737 0.730098 0.0742336 0.170666 0.782717
2 0.0556839 0.502006 0.0440894 0.0866244 0.745717
1 0.48454 0.171506 0.126827 0.204041 0.658529
1 0.6139 0.75954 0.074116 0.123183 0.637278
2 0.156501 0.030912 0.0506047 0.0617437 0.594823
2 0.324587 0.499755 0.0967234 0.208268 0.593672
0 0.551445 0.474986 0.0270089 0.0483616 0.434273
1 0.540686 0.729909 0.0745724 0.171105 0.777986
2 0.0556984 0.502246 0.0443688 0.0866232 0.751985
1 0.484689 0.171777 0.128393 0.204883 0.661352
1 0.614229 0.75938 0.0749015 0.123528 0.625939
2 0.324559 0.500014 0.0966925 0.207927 0.552985
2 0.156857 0.032956 0.0534557 0.0640271 0.520361
0 0.551556 0.475464 0.0278881 0.0482898 0.425788
1 0.540686 0.729909 0.0745724 0.171105 0.777986
2 0.0556984 0.502246 0.0443688 0.0866232 0.751985
1 0.484689 0.171777 0.128393 0.204883 0.661352
1 0.614229 0.75938 0.0749015 0.123528 0.625939
2 0.324559 0.500014 0.0966925 0.207927 0.552985
2 0.156857 0.032956 0.0534557 0.0640271 0.520361
0 0.551556 0.475464 0.0278881 0.0482898 0.425788
1 0.540686 0.729909 0.0745724 0.171105 0.777986
2 0.0556984 0.502246 0.0443688 0.0866232 0.751985
1 0.484689 0.171777 0.128393 0.204883 0.661352
1 0.614229 0.75938 0.0749015 0.123528 0.625939
2 0.324559 0.500014 0.0966925 0.207927 0.552985
2 0.156857 0.032956 0.0534557 0.0640271 0.520361
0 0.551556 0.475464 0.0278881 0.0482898 0.425788
