1 0.624512 0.595244 0.0343815 0.0900151 0.771427
2 0.236942 0.428854 0.0336867 0.0784293 0.712756
1 0.279066 0.79177 0.043959 0.100473 0.708121
1 0.675932 0.479188 0.0429774 0.0757916 0.64029
0 0.593685 0.518428 0.0403048 0.0442864 0.550133
1 0.581822 0.61952 0.0476801 0.0529706 0.522728
2 0.662875 0.581803 0.0426745 0.0894905 0.491839
1 0.663095 0.582041 0.0430379 0.0908281 0.489259
0 0.64117 0.443478 0.0450623 0.0528864 0.424757
1 0.64142 0.443096 0.04285 0.0525665 0.333482
0 0.581581 0.619774 0.0481049 0.053971 0.324799
1 0.628968 0.504702 0.0330767 0.0666382 0.30442
1 0.624453 0.595615 0.0336859 0.0892531 0.765227
1 0.279047 0.791574 0.0408773 0.0983854 0.73185
2 0.236913 0.4288 0.0336492 0.0783547 0.704255
1 0.675872 0.478729 0.0423969 0.0754035 0.650632
0 0.59369 0.51831 0.0402486 0.0437669 0.555364
1 0.581769 0.619561 0.0475426 0.0528804 0.49717
2 0.662785 0.581753 0.0416682 0.0882827 0.488795
1 0.662983 0.581963 0.0421201 0.0896663 0.48113
0 0.581556 0.619797 0.0479599 0.0538215 0.356312
1 0.641426 0.443076 0.0426835 0.0525513 0.355551
0 0.6412 0.443508 0.044729 0.0525527 0.326292
1 0.628998 0.503874 0.0325003 0.0647257 0.281606
1 0.624453 0.595615 0.0336859 0.0892531 0.765227
1 0.279047 0.791574 0.0408773 0.0983854 0.73185
2 0.236913 0.4288 0.0336492 0.0783547 0.704255
1 0.675872 0.478729 0.0423969 0.0754035 0.650632
0 0.59369 0.51831 0.0402486 0.0437669 0.555364
1 0.581769 0.619561 0.0475426 0.0528804 0.49717
2 0.662785 0.581753 0.0416682 0.0882827 0.488795
1 0.662983 0.581963 0.0421201 0.0896663 0.48113
0 0.581556 0.619797 0.0479599 0.0538215 0.356312
1 0.641426 0.443076 0.0426835 0.0525513 0.355551
0 0.6412 0.443508 0.044729 0.0525527 0.326292
1 0.628998 0.503874 0.0325003 0.0647257 0.281606
1 0.624453 0.595615 0.0336859 0.0892531 0.765227
1 0.279047 0.791574 0.0408773 0.0983854 0.73185
2 0.236913 0.4288 0.0336492 0.0783547 0.704255
1 0.675872 0.478729 0.0423969 0.0754035 0.650632
0 0.59369 0.51831 0.0402486 0.0437669 0.555364
1 0.581769 0.619561 0.0475426 0.0528804 0.49717
2 0.662785 0.581753 0.0416682 0.0882827 0.488795
1 0.662983 0.581963 0.0421201 0.0896663 0.48113
0 0.581556 0.619797 0.0479599 0.0538215 0.356312
1 0.641426 0.443076 0.0426835 0.0525513 0.355551
0 0.6412 0.443508 0.044729 0.0525527 0.326292
1 0.628998 0.503874 0.0325003 0.0647257 0.281606
