4 0.38304 0.473618 0.401968 0.725409 0.881277
4 0.691297 0.437717 0.293757 0.538346 0.818168
4 0.0415006 0.555643 0.0830012 0.46267 0.442697
4 0.0958813 0.198213 0.191763 0.394614 0.423095
4 0.382087 0.477118 0.402926 0.722072 0.898275
4 0.689589 0.434544 0.298877 0.544229 0.834436
4 0.0419963 0.553671 0.0839927 0.457975 0.471326
4 0.101628 0.196598 0.201712 0.393195 0.385506
3 0.502666 0.6701 0.0264271 0.0448605 0.258983
4 0.382087 0.477118 0.402926 0.722072 0.898275
4 0.689589 0.434544 0.298877 0.544229 0.834436
4 0.0419963 0.553671 0.0839927 0.457975 0.471326
4 0.101628 0.196598 0.201712 0.393195 0.385506
3 0.502666 0.6701 0.0264271 0.0448605 0.258983
4 0.382087 0.477118 0.402926 0.722072 0.898275
4 0.689589 0.434544 0.298877 0.544229 0.834436
4 0.0419963 0.553671 0.0839927 0.457975 0.471326
4 0.101628 0.196598 0.201712 0.393195 0.385506
3 0.502666 0.6701 0.0264271 0.0448605 0.258983
