2 0.387127 0.569786 0.0427465 0.0750346 0.796781
2 0.35131 0.363333 0.0501833 0.058427 0.775865
2 0.0572211 0.225194 0.0463561 0.088396 0.760449
3 0.34683 0.556371 0.0593729 0.0695026 0.75829
2 0.796204 0.701053 0.0189971 0.0292595 0.56596
2 0.707496 0.411127 0.0189906 0.0305779 0.502505
2 0.223829 0.697469 0.0293192 0.0612701 0.479657
2 0.387157 0.56964 0.0427091 0.0753216 0.79406
2 0.351366 0.363111 0.0505018 0.0591404 0.768791
3 0.346832 0.555808 0.0595694 0.0699862 0.760935
2 0.0571124 0.224819 0.0462351 0.089049 0.759977
2 0.7964 0.701326 0.0198515 0.0298112 0.564296
2 0.707528 0.411309 0.0193556 0.0307828 0.51703
2 0.223898 0.697585 0.0295074 0.0609518 0.466568
2 0.387157 0.56964 0.0427091 0.0753216 0.79406
2 0.351366 0.363111 0.0505018 0.0591404 0.768791
3 0.346832 0.555808 0.0595694 0.0699862 0.760935
2 0.0571124 0.224819 0.0462351 0.089049 0.759977
2 0.7964 0.701326 0.0198515 0.0298112 0.564296
2 0.707528 0.411309 0.0193556 0.0307828 0.51703
2 0.223898 0.697585 0.0295074 0.0609518 0.466568
2 0.387157 0.56964 0.0427091 0.0753216 0.79406
2 0.351366 0.363111 0.0505018 0.0591404 0.768791
3 0.346832 0.555808 0.0595694 0.0699862 0.760935
2 0.0571124 0.224819 0.0462351 0.089049 0.759977
2 0.7964 0.701326 0.0198515 0.0298112 0.564296
2 0.707528 0.411309 0.0193556 0.0307828 0.51703
2 0.223898 0.697585 0.0295074 0.0609518 0.466568
