3 0.420755 0.499371 0.0364779 0.063555 0.780081
4 0.836473 0.260618 0.325826 0.515822 0.696311
4 0.0808842 0.286048 0.160763 0.56239 0.32435
3 0.420743 0.4994 0.036673 0.063522 0.772089
4 0.8286 0.261573 0.339449 0.513435 0.561635
4 0.412981 0.158369 0.454711 0.316455 0.356861
3 0.420743 0.4994 0.036673 0.063522 0.772089
4 0.8286 0.261573 0.339449 0.513435 0.561635
4 0.412981 0.158369 0.454711 0.316455 0.356861
3 0.420743 0.4994 0.036673 0.063522 0.772089
4 0.8286 0.261573 0.339449 0.513435 0.561635
4 0.412981 0.158369 0.454711 0.316455 0.356861
