1 0.507178 0.339478 0.0677669 0.154326 0.830801
1 0.587774 0.351813 0.0796932 0.106203 0.830258
1 0.454509 0.33848 0.0659155 0.107943 0.821709
0 0.443618 0.495752 0.0503532 0.100432 0.708627
1 0.517442 0.064266 0.0733788 0.0807345 0.692572
1 0.557552 0.381938 0.0491421 0.0853729 0.674589
1 0.547295 0.434988 0.0657087 0.0604488 0.661229
0 0.622727 0.0506887 0.0519664 0.0692669 0.476118
1 0.587732 0.351701 0.0802769 0.106759 0.831013
1 0.507208 0.339223 0.0675165 0.153414 0.828823
1 0.454551 0.338194 0.0660982 0.108045 0.819093
0 0.443606 0.495754 0.0507704 0.100729 0.72008
1 0.517263 0.064095 0.0723301 0.0788648 0.694141
1 0.557519 0.381924 0.0491025 0.0844048 0.68193
1 0.547056 0.4349 0.0654459 0.0604006 0.661206
0 0.622953 0.0504044 0.0517545 0.0698218 0.452185
1 0.587732 0.351701 0.0802769 0.106759 0.831013
1 0.507208 0.339223 0.0675165 0.153414 0.828823
1 0.454551 0.338194 0.0660982 0.108045 0.819093
0 0.443606 0.495754 0.0507704 0.100729 0.72008
1 0.517263 0.064095 0.0723301 0.0788648 0.694141
1 0.557519 0.381924 0.0491025 0.0844048 0.68193
1 0.547056 0.4349 0.0654459 0.0604006 0.661206
0 0.622953 0.0504044 0.0517545 0.0698218 0.452185
1 0.587732 0.351701 0.0802769 0.106759 0.831013
1 0.507208 0.339223 0.0675165 0.153414 0.828823
1 0.454551 0.338194 0.0660982 0.108045 0.819093
0 0.443606 0.495754 0.0507704 0.100729 0.72008
1 0.517263 0.064095 0.0723301 0.0788648 0.694141
1 0.557519 0.381924 0.0491025 0.0844048 0.68193
1 0.547056 0.4349 0.0654459 0.0604006 0.661206
0 0.622953 0.0504044 0.0517545 0.0698218 0.452185
