1 0.868754 0.885828 0.180496 0.228343 0.833455
0 0.542463 0.276751 0.0814346 0.106238 0.810948
0 0.565724 0.420718 0.0867371 0.0846785 0.796649
0 0.50648 0.0202678 0.0326811 0.0284156 0.576836
0 0.688811 0.465491 0.099048 0.0851253 0.43352
1 0.869693 0.883982 0.180846 0.232036 0.857087
0 0.566203 0.420592 0.0886248 0.0850851 0.820692
0 0.542051 0.277318 0.0843521 0.108564 0.813575
0 0.689102 0.465256 0.100058 0.0865858 0.422055
1 0.869693 0.883982 0.180846 0.232036 0.857087
0 0.566203 0.420592 0.0886248 0.0850851 0.820692
0 0.542051 0.277318 0.0843521 0.108564 0.813575
0 0.689102 0.465256 0.100058 0.0865858 0.422055
1 0.869693 0.883982 0.180846 0.232036 0.857087
0 0.566203 0.420592 0.0886248 0.0850851 0.820692
0 0.542051 0.277318 0.0843521 0.108564 0.813575
0 0.689102 0.465256 0.100058 0.0865858 0.422055
