1 0.760895 0.0725985 0.0342251 0.0709165 0.901561
1 0.0337 0.632282 0.0372957 0.063443 0.901486
1 0.111519 0.744718 0.0320095 0.0729228 0.899091
1 0.842238 0.458718 0.039076 0.0865602 0.887496
1 0.210276 0.520075 0.0401076 0.0449843 0.874264
1 0.152214 0.844138 0.0244232 0.0530181 0.850273
0 0.100865 0.716721 0.0388571 0.0462135 0.840652
1 0.178593 0.644287 0.0196741 0.0630263 0.81356
0 0.888337 0.428691 0.0248188 0.0465 0.62951
4 0.667243 0.54486 0.664065 0.711721 0.61988
0 0.0818157 0.398705 0.0175694 0.0475131 0.352063
1 0.0337134 0.632315 0.0371811 0.0633721 0.903354
1 0.111512 0.74468 0.031944 0.0729741 0.902962
1 0.760876 0.0727756 0.0342031 0.0704457 0.898766
1 0.84226 0.458595 0.0390354 0.0871094 0.885306
1 0.210255 0.520065 0.0399112 0.0449528 0.875479
1 0.152151 0.844196 0.0244336 0.0531304 0.853477
0 0.100862 0.716754 0.0388313 0.0461079 0.840407
1 0.178611 0.644271 0.0194823 0.0629126 0.817553
4 0.667888 0.546747 0.66271 0.714245 0.686273
0 0.888267 0.428561 0.0253059 0.0469405 0.646147
0 0.0818662 0.398706 0.0175184 0.0474767 0.370461
1 0.0337134 0.632315 0.0371811 0.0633721 0.903354
1 0.111512 0.74468 0.031944 0.0729741 0.902962
1 0.760876 0.0727756 0.0342031 0.0704457 0.898766
1 0.84226 0.458595 0.0390354 0.0871094 0.885306
1 0.210255 0.520065 0.0399112 0.0449528 0.875479
1 0.152151 0.844196 0.0244336 0.0531304 0.853477
0 0.100862 0.716754 0.0388313 0.0461079 0.840407
1 0.178611 0.644271 0.0194823 0.0629126 0.817553
4 0.667888 0.546747 0.66271 0.714245 0.686273
0 0.888267 0.428561 0.0253059 0.0469405 0.646147
0 0.0818662 0.398706 0.0175184 0.0474767 0.370461
1 0.0337134 0.632315 0.0371811 0.0633721 0.903354
1 0.111512 0.74468 0.031944 0.0729741 0.902962
1 0.760876 0.0727756 0.0342031 0.0704457 0.898766
1 0.84226 0.458595 0.0390354 0.0871094 0.885306
1 0.210255 0.520065 0.0399112 0.0449528 0.875479
1 0.152151 0.844196 0.0244336 0.0531304 0.853477
0 0.100862 0.716754 0.0388313 0.0461079 0.840407
1 0.178611 0.644271 0.0194823 0.0629126 0.817553
4 0.667888 0.546747 0.66271 0.714245 0.686273
0 0.888267 0.428561 0.0253059 0.0469405 0.646147
0 0.0818662 0.398706 0.0175184 0.0474767 0.370461
