0 0.388508 0.880235 0.032602 0.0603468 0.849837
0 0.223212 0.783517 0.0223306 0.0388886 0.798949
0 0.401824 0.90898 0.0360449 0.0517778 0.786534
2 0.379547 0.778968 0.0365845 0.046593 0.772741
0 0.446309 0.433073 0.0311514 0.0549992 0.764795
2 0.46675 0.874013 0.0335199 0.0530548 0.761617
0 0.483478 0.718478 0.0305573 0.0686899 0.752894
0 0.419588 0.391228 0.0293974 0.0431019 0.738975
0 0.451984 0.470227 0.0353277 0.0617885 0.734479
1 0.452204 0.762097 0.0345518 0.0675408 0.719933
0 0.395361 0.475664 0.026518 0.0277415 0.710671
0 0.256159 0.782203 0.0218032 0.0339145 0.709017
1 0.453825 0.840216 0.0363427 0.0570159 0.579471
0 0.629266 0.622721 0.0195531 0.0309 0.535515
0 0.454516 0.840026 0.0366396 0.0568589 0.401771
0 0.388538 0.88025 0.0325496 0.0603398 0.849191
0 0.223248 0.783527 0.0223365 0.0389715 0.799872
0 0.402274 0.909544 0.0363968 0.0511135 0.791211
0 0.446271 0.433026 0.0313025 0.0551831 0.771463
2 0.379526 0.778985 0.0364872 0.0465656 0.766406
2 0.466815 0.873768 0.0334932 0.0534898 0.764715
0 0.419659 0.39117 0.0298227 0.0434028 0.743878
0 0.452017 0.470068 0.0353264 0.0616648 0.726457
0 0.395322 0.475605 0.02631 0.0276161 0.724693
1 0.452196 0.762116 0.0344359 0.0673919 0.724179
0 0.483478 0.718352 0.0303181 0.0685034 0.722163
0 0.256137 0.782231 0.0217277 0.0339652 0.710032
1 0.453856 0.840109 0.0365404 0.0571876 0.621429
0 0.629384 0.622482 0.0191256 0.0300772 0.559862
0 0.45453 0.839803 0.0367205 0.0571017 0.353836
0 0.388538 0.88025 0.0325496 0.0603398 0.849191
0 0.223248 0.783527 0.0223365 0.0389715 0.799872
0 0.402274 0.909544 0.0363968 0.0511135 0.791211
0 0.446271 0.433026 0.0313025 0.0551831 0.771463
2 0.379526 0.778985 0.0364872 0.0465656 0.766406
2 0.466815 0.873768 0.0334932 0.0534898 0.764715
0 0.419659 0.39117 0.0298227 0.0434028 0.743878
0 0.452017 0.470068 0.0353264 0.0616648 0.726457
0 0.395322 0.475605 0.02631 0.0276161 0.724693
1 0.452196 0.762116 0.0344359 0.0673919 0.724179
0 0.483478 0.718352 0.0303181 0.0685034 0.722163
0 0.256137 0.782231 0.0217277 0.0339652 0.710032
1 0.453856 0.840109 0.0365404 0.0571876 0.621429
0 0.629384 0.622482 0.0191256 0.0300772 0.559862
0 0.45453 0.839803 0.0367205 0.0571017 0.353836
0 0.388538 0.88025 0.0325496 0.0603398 0.849191
0 0.223248 0.783527 0.0223365 0.0389715 0.799872
0 0.402274 0.909544 0.0363968 0.0511135 0.791211
0 0.446271 0.433026 0.0313025 0.0551831 0.771463
2 0.379526 0.778985 0.0364872 0.0465656 0.766406
2 0.466815 0.873768 0.0334932 0.0534898 0.764715
0 0.419659 0.39117 0.0298227 0.0434028 0.743878
0 0.452017 0.470068 0.0353264 0.0616648 0.726457
0 0.395322 0.475605 0.02631 0.0276161 0.724693
1 0.452196 0.762116 0.0344359 0.0673919 0.724179
0 0.483478 0.718352 0.0303181 0.0685034 0.722163
0 0.256137 0.782231 0.0217277 0.0339652 0.710032
1 0.453856 0.840109 0.0365404 0.0571876 0.621429
0 0.629384 0.622482 0.0191256 0.0300772 0.559862
0 0.45453 0.839803 0.0367205 0.0571017 0.353836
