3 0.369712 0.725338 0.0691092 0.121925 0.839795
1 0.279342 0.620791 0.0459605 0.0690617 0.82719
1 0.75123 0.39541 0.0254066 0.045824 0.668806
2 0.0342606 0.759912 0.0173302 0.0296842 0.58223
3 0.277951 0.870441 0.0372705 0.0891867 0.579085
1 0.263094 0.0237319 0.0527406 0.0473617 0.577586
0 0.396517 0.865084 0.0437495 0.091022 0.573777
1 0.616915 0.779228 0.0229764 0.0413694 0.546404
3 0.609007 0.877243 0.0287246 0.0495114 0.49769
2 0.95043 0.626028 0.0186272 0.0269394 0.465094
1 0.00699841 0.647911 0.013509 0.0203308 0.346697
2 0.0102439 0.662684 0.0156153 0.0242715 0.323261
3 0.369264 0.725388 0.0693103 0.122525 0.833822
1 0.279448 0.620594 0.0462441 0.0703146 0.828778
1 0.751166 0.395425 0.0251283 0.0458941 0.644411
1 0.263303 0.024088 0.0509944 0.0481761 0.606184
3 0.277341 0.870316 0.0362805 0.090048 0.593446
1 0.616967 0.779037 0.0233537 0.0417065 0.590383
2 0.0343095 0.759977 0.0174466 0.0299987 0.580942
0 0.396564 0.864795 0.0449566 0.0924476 0.573618
3 0.608937 0.877277 0.0291056 0.0501413 0.507794
2 0.95047 0.625972 0.0189083 0.0275608 0.451567
1 0.00708255 0.648063 0.0137067 0.0207927 0.364088
2 0.00988279 0.662971 0.0165177 0.0234159 0.291806
1 0.278343 0.873578 0.0379885 0.0836092 0.256523
3 0.369264 0.725388 0.0693103 0.122525 0.833822
1 0.279448 0.620594 0.0462441 0.0703146 0.828778
1 0.751166 0.395425 0.0251283 0.0458941 0.644411
1 0.263303 0.024088 0.0509944 0.0481761 0.606184
3 0.277341 0.870316 0.0362805 0.090048 0.593446
1 0.616967 0.779037 0.0233537 0.0417065 0.590383
2 0.0343095 0.759977 0.0174466 0.0299987 0.580942
0 0.396564 0.864795 0.0449566 0.0924476 0.573618
3 0.608937 0.877277 0.0291056 0.0501413 0.507794
2 0.95047 0.625972 0.0189083 0.0275608 0.451567
1 0.00708255 0.648063 0.0137067 0.0207927 0.364088
2 0.00988279 0.662971 0.0165177 0.0234159 0.291806
1 0.278343 0.873578 0.0379885 0.0836092 0.256523
3 0.369264 0.725388 0.0693103 0.122525 0.833822
1 0.279448 0.620594 0.0462441 0.0703146 0.828778
1 0.751166 0.395425 0.0251283 0.0458941 0.644411
1 0.263303 0.024088 0.0509944 0.0481761 0.606184
3 0.277341 0.870316 0.0362805 0.090048 0.593446
1 0.616967 0.779037 0.0233537 0.0417065 0.590383
2 0.0343095 0.759977 0.0174466 0.0299987 0.580942
0 0.396564 0.864795 0.0449566 0.0924476 0.573618
3 0.608937 0.877277 0.0291056 0.0501413 0.507794
2 0.95047 0.625972 0.0189083 0.0275608 0.451567
1 0.00708255 0.648063 0.0137067 0.0207927 0.364088
2 0.00988279 0.662971 0.0165177 0.0234159 0.291806
1 0.278343 0.873578 0.0379885 0.0836092 0.256523
