0 0.544611 0.561684 0.0533321 0.107732 0.738859
1 0.221387 0.786025 0.0260577 0.0430392 0.587768
1 0.252963 0.659812 0.0247726 0.0492853 0.527119
0 0.544781 0.561711 0.0525351 0.107344 0.750703
1 0.221306 0.786057 0.0263155 0.0427963 0.571365
1 0.253035 0.660282 0.0248434 0.0484565 0.534584
3 0.151287 0.223351 0.0569018 0.120766 0.284034
0 0.544781 0.561711 0.0525351 0.107344 0.750703
1 0.221306 0.786057 0.0263155 0.0427963 0.571365
1 0.253035 0.660282 0.0248434 0.0484565 0.534584
3 0.151287 0.223351 0.0569018 0.120766 0.284034
0 0.544781 0.561711 0.0525351 0.107344 0.750703
1 0.221306 0.786057 0.0263155 0.0427963 0.571365
1 0.253035 0.660282 0.0248434 0.0484565 0.534584
3 0.151287 0.223351 0.0569018 0.120766 0.284034
