1 0.727258 0.5456 0.074633 0.196379 0.7719
1 0.518807 0.712958 0.0752562 0.123859 0.756445
1 0.547382 0.272558 0.0400539 0.107168 0.531031
1 0.727057 0.54589 0.0745989 0.196897 0.773352
1 0.51853 0.713271 0.0765179 0.123987 0.757832
1 0.547604 0.272626 0.0399652 0.107221 0.51791
1 0.727057 0.54589 0.0745989 0.196897 0.773352
1 0.51853 0.713271 0.0765179 0.123987 0.757832
1 0.547604 0.272626 0.0399652 0.107221 0.51791
1 0.727057 0.54589 0.0745989 0.196897 0.773352
1 0.51853 0.713271 0.0765179 0.123987 0.757832
1 0.547604 0.272626 0.0399652 0.107221 0.51791
