1 0.357142 0.420611 0.0528666 0.0725285 0.839537
1 0.353092 0.290353 0.0481816 0.0649164 0.82989
2 0.448825 0.333561 0.0725434 0.0532431 0.829172
2 0.489711 0.439713 0.10046 0.0541019 0.827374
2 0.462935 0.488332 0.0912655 0.0608516 0.826661
1 0.378305 0.165419 0.041576 0.051713 0.78734
2 0.461195 0.291092 0.0445185 0.049348 0.782607
2 0.460568 0.384256 0.0571985 0.0644209 0.761137
2 0.50348 0.294274 0.0427889 0.075905 0.754855
2 0.394318 0.288513 0.0420654 0.0678603 0.702904
2 0.547599 0.329982 0.082024 0.119701 0.631728
2 0.403977 0.43915 0.0716569 0.0852145 0.579493
3 0.546359 0.328371 0.0850794 0.117459 0.490293
1 0.357113 0.420654 0.0528908 0.0726288 0.838488
2 0.44882 0.333556 0.0725773 0.0532967 0.831972
2 0.48971 0.439701 0.10047 0.0540342 0.828178
1 0.353112 0.290411 0.0483112 0.0648547 0.827383
2 0.463004 0.488296 0.0912038 0.0608903 0.826875
1 0.37835 0.165506 0.0415729 0.051864 0.785923
2 0.461186 0.291212 0.0445095 0.0491987 0.785125
2 0.460809 0.384054 0.0571711 0.0652339 0.763709
2 0.50324 0.294611 0.0432188 0.0761477 0.7556
2 0.394304 0.288558 0.0418768 0.067547 0.706284
2 0.547575 0.330048 0.0822615 0.119945 0.630603
2 0.403974 0.439161 0.0717548 0.0852483 0.582883
3 0.546318 0.328467 0.0852724 0.117716 0.487032
1 0.357113 0.420654 0.0528908 0.0726288 0.838488
2 0.44882 0.333556 0.0725773 0.0532967 0.831972
2 0.48971 0.439701 0.10047 0.0540342 0.828178
1 0.353112 0.290411 0.0483112 0.0648547 0.827383
2 0.463004 0.488296 0.0912038 0.0608903 0.826875
1 0.37835 0.165506 0.0415729 0.051864 0.785923
2 0.461186 0.291212 0.0445095 0.0491987 0.785125
2 0.460809 0.384054 0.0571711 0.0652339 0.763709
2 0.50324 0.294611 0.0432188 0.0761477 0.7556
2 0.394304 0.288558 0.0418768 0.067547 0.706284
2 0.547575 0.330048 0.0822615 0.119945 0.630603
2 0.403974 0.439161 0.0717548 0.0852483 0.582883
3 0.546318 0.328467 0.0852724 0.117716 0.487032
1 0.357113 0.420654 0.0528908 0.0726288 0.838488
2 0.44882 0.333556 0.0725773 0.0532967 0.831972
2 0.48971 0.439701 0.10047 0.0540342 0.828178
1 0.353112 0.290411 0.0483112 0.0648547 0.827383
2 0.463004 0.488296 0.0912038 0.0608903 0.826875
1 0.37835 0.165506 0.0415729 0.051864 0.785923
2 0.461186 0.291212 0.0445095 0.0491987 0.785125
2 0.460809 0.384054 0.0571711 0.0652339 0.763709
2 0.50324 0.294611 0.0432188 0.0761477 0.7556
2 0.394304 0.288558 0.0418768 0.067547 0.706284
2 0.547575 0.330048 0.0822615 0.119945 0.630603
2 0.403974 0.439161 0.0717548 0.0852483 0.582883
3 0.546318 0.328467 0.0852724 0.117716 0.487032
