3 0.769943 0.554333 0.0519717 0.0817441 0.956167
1 0.591898 0.438209 0.0376548 0.0772771 0.948884
1 0.718704 0.556992 0.0526766 0.0722072 0.943998
3 0.545805 0.48405 0.0440797 0.0865821 0.929195
1 0.49293 0.582377 0.0428566 0.0977424 0.927105
0 0.55005 0.747257 0.029154 0.0374439 0.721884
0 0.469106 0.945489 0.0249634 0.0685314 0.718652
3 0.769958 0.554333 0.0519711 0.0816189 0.953924
1 0.591915 0.438177 0.0375824 0.0772491 0.947234
1 0.7187 0.556945 0.0526651 0.072132 0.940425
3 0.545823 0.48412 0.0440903 0.0864054 0.928812
1 0.492919 0.582392 0.0428463 0.0976926 0.928373
0 0.549976 0.747305 0.0291879 0.0376931 0.735488
0 0.469055 0.945625 0.0250311 0.0693641 0.732688
3 0.769958 0.554333 0.0519711 0.0816189 0.953924
1 0.591915 0.438177 0.0375824 0.0772491 0.947234
1 0.7187 0.556945 0.0526651 0.072132 0.940425
3 0.545823 0.48412 0.0440903 0.0864054 0.928812
1 0.492919 0.582392 0.0428463 0.0976926 0.928373
0 0.549976 0.747305 0.0291879 0.0376931 0.735488
0 0.469055 0.945625 0.0250311 0.0693641 0.732688
3 0.769958 0.554333 0.0519711 0.0816189 0.953924
1 0.591915 0.438177 0.0375824 0.0772491 0.947234
1 0.7187 0.556945 0.0526651 0.072132 0.940425
3 0.545823 0.48412 0.0440903 0.0864054 0.928812
1 0.492919 0.582392 0.0428463 0.0976926 0.928373
0 0.549976 0.747305 0.0291879 0.0376931 0.735488
0 0.469055 0.945625 0.0250311 0.0693641 0.732688
