1 0.350458 0.325448 0.0756859 0.17394 0.864311
1 0.847821 0.222695 0.11513 0.114058 0.763409
2 0.562334 0.560126 0.0241211 0.0392198 0.550225
1 0.475518 0.54246 0.0234097 0.0461046 0.502603
0 0.00827095 0.0520664 0.0165419 0.0629391 0.330002
2 0.494909 0.167209 0.0332676 0.0396892 0.317353
1 0.350637 0.325275 0.076047 0.173969 0.859391
1 0.847552 0.223407 0.114494 0.113066 0.796613
1 0.475479 0.542684 0.0227795 0.0454574 0.651282
2 0.562384 0.560255 0.0245652 0.0395514 0.509241
2 0.494899 0.167144 0.0334911 0.0397426 0.321732
0 0.00828366 0.0520893 0.0165673 0.0630713 0.252284
1 0.350637 0.325275 0.076047 0.173969 0.859391
1 0.847552 0.223407 0.114494 0.113066 0.796613
1 0.475479 0.542684 0.0227795 0.0454574 0.651282
2 0.562384 0.560255 0.0245652 0.0395514 0.509241
2 0.494899 0.167144 0.0334911 0.0397426 0.321732
0 0.00828366 0.0520893 0.0165673 0.0630713 0.252284
1 0.350637 0.325275 0.076047 0.173969 0.859391
1 0.847552 0.223407 0.114494 0.113066 0.796613
1 0.475479 0.542684 0.0227795 0.0454574 0.651282
2 0.562384 0.560255 0.0245652 0.0395514 0.509241
2 0.494899 0.167144 0.0334911 0.0397426 0.321732
0 0.00828366 0.0520893 0.0165673 0.0630713 0.252284
