2 0.344932 0.689043 0.0368265 0.0726843 0.748381
0 0.707697 0.75156 0.0290436 0.0357887 0.698591
2 0.335502 0.743231 0.0303159 0.0661567 0.658909
0 0.32115 0.836369 0.0344728 0.0454752 0.595939
0 0.254535 0.839042 0.0239697 0.0517517 0.527869
1 0.941559 0.562013 0.0376465 0.0738253 0.432107
0 0.816462 0.766651 0.0315151 0.0557887 0.393048
0 0.941173 0.562072 0.0390619 0.0736772 0.346261
2 0.344654 0.688954 0.0367332 0.0715917 0.75378
0 0.707718 0.751533 0.029313 0.0364119 0.699423
2 0.335497 0.74321 0.0303628 0.0661297 0.669089
0 0.321135 0.836272 0.0345204 0.0453378 0.615251
0 0.254492 0.838849 0.0236775 0.0511 0.54616
0 0.941373 0.562242 0.0393996 0.0736812 0.440859
0 0.816439 0.76646 0.0315355 0.0554986 0.406332
1 0.941582 0.562115 0.0376369 0.0736715 0.346784
3 0.708175 0.912403 0.0278369 0.0563357 0.260533
2 0.344654 0.688954 0.0367332 0.0715917 0.75378
0 0.707718 0.751533 0.029313 0.0364119 0.699423
2 0.335497 0.74321 0.0303628 0.0661297 0.669089
0 0.321135 0.836272 0.0345204 0.0453378 0.615251
0 0.254492 0.838849 0.0236775 0.0511 0.54616
0 0.941373 0.562242 0.0393996 0.0736812 0.440859
0 0.816439 0.76646 0.0315355 0.0554986 0.406332
1 0.941582 0.562115 0.0376369 0.0736715 0.346784
3 0.708175 0.912403 0.0278369 0.0563357 0.260533
2 0.344654 0.688954 0.0367332 0.0715917 0.75378
0 0.707718 0.751533 0.029313 0.0364119 0.699423
2 0.335497 0.74321 0.0303628 0.0661297 0.669089
0 0.321135 0.836272 0.0345204 0.0453378 0.615251
0 0.254492 0.838849 0.0236775 0.0511 0.54616
0 0.941373 0.562242 0.0393996 0.0736812 0.440859
0 0.816439 0.76646 0.0315355 0.0554986 0.406332
1 0.941582 0.562115 0.0376369 0.0736715 0.346784
3 0.708175 0.912403 0.0278369 0.0563357 0.260533
