4 0.163779 0.566473 0.326425 0.813152 0.880032
0 0.628126 0.475783 0.0157774 0.0340607 0.806578
3 0.676899 0.718403 0.0281087 0.0462388 0.771888
0 0.66946 0.670605 0.0131598 0.037743 0.718821
0 0.650796 0.487945 0.016599 0.0328341 0.667431
0 0.68849 0.468398 0.0153725 0.0327205 0.652649
0 0.653613 0.659603 0.0257273 0.0293218 0.652099
1 0.612015 0.488602 0.0231457 0.0477289 0.605075
0 0.624692 0.459679 0.0175697 0.0322765 0.582328
0 0.680775 0.518646 0.0173786 0.0362431 0.563398
0 0.698294 0.536249 0.0160088 0.0324975 0.548128
1 0.641239 0.602538 0.0402269 0.02759 0.516909
1 0.757995 0.443468 0.0180862 0.0478545 0.478775
1 0.650775 0.636951 0.0279343 0.0351207 0.466791
4 0.216853 0.10735 0.431073 0.214699 0.427402
0 0.650385 0.636887 0.0291325 0.0343242 0.425157
1 0.73081 0.449913 0.0180161 0.0469607 0.415561
0 0.774667 0.441654 0.0179035 0.0428317 0.409685
0 0.730811 0.450096 0.0178326 0.0462432 0.409377
1 0.589521 0.502182 0.0196854 0.0514632 0.39925
4 0.165018 0.57164 0.327515 0.825064 0.890739
0 0.628143 0.475824 0.01574 0.033932 0.824526
3 0.676875 0.7185 0.0285591 0.0466873 0.766872
0 0.669413 0.6706 0.0130729 0.0378315 0.728715
0 0.650813 0.487933 0.0165794 0.0326332 0.679059
0 0.65368 0.659603 0.0256932 0.0293138 0.677936
0 0.688507 0.468347 0.0154427 0.0327047 0.668627
0 0.624634 0.459724 0.0174497 0.0318972 0.602798
0 0.69828 0.53623 0.0160155 0.0324787 0.588126
1 0.611977 0.488653 0.0230445 0.0475811 0.575466
0 0.730957 0.449997 0.0183643 0.0467135 0.541857
0 0.774763 0.441608 0.0181946 0.0430459 0.533717
0 0.68072 0.519213 0.0178585 0.0370627 0.520967
0 0.651107 0.637102 0.0271061 0.0350548 0.464891
0 0.758277 0.442693 0.0190694 0.0464085 0.460017
0 0.612243 0.489405 0.0231361 0.045498 0.449852
1 0.641091 0.602515 0.0382536 0.027774 0.438961
1 0.650819 0.636991 0.0279625 0.0351039 0.417141
1 0.758027 0.443462 0.0184148 0.048372 0.402185
0 0.589416 0.502806 0.0201382 0.0491617 0.380966
1 0.589528 0.502241 0.0196862 0.0513558 0.379584
0 0.641054 0.602521 0.0383833 0.0288818 0.305764
4 0.228117 0.116326 0.453821 0.226672 0.269726
4 0.165018 0.57164 0.327515 0.825064 0.890739
0 0.628143 0.475824 0.01574 0.033932 0.824526
3 0.676875 0.7185 0.0285591 0.0466873 0.766872
0 0.669413 0.6706 0.0130729 0.0378315 0.728715
0 0.650813 0.487933 0.0165794 0.0326332 0.679059
0 0.65368 0.659603 0.0256932 0.0293138 0.677936
0 0.688507 0.468347 0.0154427 0.0327047 0.668627
0 0.624634 0.459724 0.0174497 0.0318972 0.602798
0 0.69828 0.53623 0.0160155 0.0324787 0.588126
1 0.611977 0.488653 0.0230445 0.0475811 0.575466
0 0.730957 0.449997 0.0183643 0.0467135 0.541857
0 0.774763 0.441608 0.0181946 0.0430459 0.533717
0 0.68072 0.519213 0.0178585 0.0370627 0.520967
0 0.651107 0.637102 0.0271061 0.0350548 0.464891
0 0.758277 0.442693 0.0190694 0.0464085 0.460017
0 0.612243 0.489405 0.0231361 0.045498 0.449852
1 0.641091 0.602515 0.0382536 0.027774 0.438961
1 0.650819 0.636991 0.0279625 0.0351039 0.417141
1 0.758027 0.443462 0.0184148 0.048372 0.402185
0 0.589416 0.502806 0.0201382 0.0491617 0.380966
1 0.589528 0.502241 0.0196862 0.0513558 0.379584
0 0.641054 0.602521 0.0383833 0.0288818 0.305764
4 0.228117 0.116326 0.453821 0.226672 0.269726
4 0.165018 0.57164 0.327515 0.825064 0.890739
0 0.628143 0.475824 0.01574 0.033932 0.824526
3 0.676875 0.7185 0.0285591 0.0466873 0.766872
0 0.669413 0.6706 0.0130729 0.0378315 0.728715
0 0.650813 0.487933 0.0165794 0.0326332 0.679059
0 0.65368 0.659603 0.0256932 0.0293138 0.677936
0 0.688507 0.468347 0.0154427 0.0327047 0.668627
0 0.624634 0.459724 0.0174497 0.0318972 0.602798
0 0.69828 0.53623 0.0160155 0.0324787 0.588126
1 0.611977 0.488653 0.0230445 0.0475811 0.575466
0 0.730957 0.449997 0.0183643 0.0467135 0.541857
0 0.774763 0.441608 0.0181946 0.0430459 0.533717
0 0.68072 0.519213 0.0178585 0.0370627 0.520967
0 0.651107 0.637102 0.0271061 0.0350548 0.464891
0 0.758277 0.442693 0.0190694 0.0464085 0.460017
0 0.612243 0.489405 0.0231361 0.045498 0.449852
1 0.641091 0.602515 0.0382536 0.027774 0.438961
1 0.650819 0.636991 0.0279625 0.0351039 0.417141
1 0.758027 0.443462 0.0184148 0.048372 0.402185
0 0.589416 0.502806 0.0201382 0.0491617 0.380966
1 0.589528 0.502241 0.0196862 0.0513558 0.379584
0 0.641054 0.602521 0.0383833 0.0288818 0.305764
4 0.228117 0.116326 0.453821 0.226672 0.269726
