2 0.529109 0.39837 0.0420038 0.0546642 0.810216
2 0.419846 0.74103 0.0403922 0.0587618 0.808733
2 0.500312 0.563911 0.0247353 0.0577397 0.799313
1 0.457459 0.819914 0.0327585 0.0612336 0.797951
1 0.46698 0.397914 0.0381561 0.0763121 0.780866
2 0.417159 0.700192 0.0339811 0.048864 0.773046
1 0.463761 0.638729 0.0319551 0.0708567 0.768815
1 0.406484 0.979374 0.0367523 0.0412525 0.752459
0 0.931166 0.809964 0.0156704 0.0393671 0.712261
1 0.239004 0.524256 0.0234884 0.0347736 0.696907
1 0.467327 0.8745 0.0317364 0.0599487 0.663458
1 0.0832989 0.584924 0.0141708 0.0290175 0.639134
0 0.942723 0.817879 0.0180836 0.0436899 0.608148
1 0.247243 0.486852 0.0178503 0.0273416 0.60736
3 0.0429689 0.360526 0.0157177 0.0279416 0.584157
0 0.438786 0.689765 0.0215954 0.0513432 0.580626
1 0.463414 0.258391 0.0292532 0.0572086 0.539128
0 0.726375 0.609761 0.0160577 0.0366251 0.501207
0 0.184168 0.59735 0.0234111 0.0229774 0.451615
1 0.0361818 0.133035 0.0280299 0.0588713 0.448146
0 0.977427 0.641 0.018457 0.0313453 0.427837
1 0.0370056 0.489002 0.0148538 0.0231213 0.409098
1 0.450298 0.985036 0.0328602 0.0296096 0.392738
0 0.179257 0.511297 0.0147751 0.0230112 0.346806
2 0.419878 0.740946 0.0402905 0.0586414 0.809398
2 0.529112 0.398399 0.0420134 0.0547924 0.808775
1 0.457413 0.820032 0.0323946 0.0611399 0.799458
2 0.5003 0.563953 0.0245956 0.0577334 0.797783
1 0.466927 0.397854 0.0382656 0.0765065 0.782884
2 0.417151 0.700186 0.0339928 0.0489363 0.772151
1 0.463795 0.638716 0.0319477 0.0708249 0.772135
1 0.406592 0.978775 0.0371963 0.0424498 0.757964
0 0.931132 0.810038 0.0155643 0.0392649 0.723361
1 0.23899 0.524256 0.0234991 0.0348486 0.696274
1 0.467403 0.874519 0.0319252 0.0601583 0.661799
1 0.0833005 0.584925 0.0141185 0.028926 0.632797
0 0.942743 0.817963 0.0181212 0.0436789 0.624429
1 0.247254 0.486856 0.0177176 0.0271703 0.599177
1 0.463498 0.258299 0.0288982 0.0570222 0.5939
3 0.0429921 0.360539 0.0157121 0.0279169 0.588795
0 0.438795 0.689768 0.0215422 0.0513456 0.576967
0 0.726391 0.609654 0.0161153 0.0365913 0.500216
0 0.184135 0.597473 0.0231669 0.0224884 0.473138
1 0.450244 0.984069 0.0336174 0.0316209 0.472196
0 0.977422 0.641061 0.018343 0.0311397 0.44927
1 0.0362186 0.133077 0.0286129 0.0599897 0.418517
1 0.0370098 0.489008 0.0145872 0.022725 0.397798
0 0.179251 0.511278 0.0146766 0.0230194 0.361446
2 0.419878 0.740946 0.0402905 0.0586414 0.809398
2 0.529112 0.398399 0.0420134 0.0547924 0.808775
1 0.457413 0.820032 0.0323946 0.0611399 0.799458
2 0.5003 0.563953 0.0245956 0.0577334 0.797783
1 0.466927 0.397854 0.0382656 0.0765065 0.782884
2 0.417151 0.700186 0.0339928 0.0489363 0.772151
1 0.463795 0.638716 0.0319477 0.0708249 0.772135
1 0.406592 0.978775 0.0371963 0.0424498 0.757964
0 0.931132 0.810038 0.0155643 0.0392649 0.723361
1 0.23899 0.524256 0.0234991 0.0348486 0.696274
1 0.467403 0.874519 0.0319252 0.0601583 0.661799
1 0.0833005 0.584925 0.0141185 0.028926 0.632797
0 0.942743 0.817963 0.0181212 0.0436789 0.624429
1 0.247254 0.486856 0.0177176 0.0271703 0.599177
1 0.463498 0.258299 0.0288982 0.0570222 0.5939
3 0.0429921 0.360539 0.0157121 0.0279169 0.588795
0 0.438795 0.689768 0.0215422 0.0513456 0.576967
0 0.726391 0.609654 0.0161153 0.0365913 0.500216
0 0.184135 0.597473 0.0231669 0.0224884 0.473138
1 0.450244 0.984069 0.0336174 0.0316209 0.472196
0 0.977422 0.641061 0.018343 0.0311397 0.44927
1 0.0362186 0.133077 0.0286129 0.0599897 0.418517
1 0.0370098 0.489008 0.0145872 0.022725 0.397798
0 0.179251 0.511278 0.0146766 0.0230194 0.361446
2 0.419878 0.740946 0.0402905 0.0586414 0.809398
2 0.529112 0.398399 0.0420134 0.0547924 0.808775
1 0.457413 0.820032 0.0323946 0.0611399 0.799458
2 0.5003 0.563953 0.0245956 0.0577334 0.797783
1 0.466927 0.397854 0.0382656 0.0765065 0.782884
2 0.417151 0.700186 0.0339928 0.0489363 0.772151
1 0.463795 0.638716 0.0319477 0.0708249 0.772135
1 0.406592 0.978775 0.0371963 0.0424498 0.757964
0 0.931132 0.810038 0.0155643 0.0392649 0.723361
1 0.23899 0.524256 0.0234991 0.0348486 0.696274
1 0.467403 0.874519 0.0319252 0.0601583 0.661799
1 0.0833005 0.584925 0.0141185 0.028926 0.632797
0 0.942743 0.817963 0.0181212 0.0436789 0.624429
1 0.247254 0.486856 0.0177176 0.0271703 0.599177
1 0.463498 0.258299 0.0288982 0.0570222 0.5939
3 0.0429921 0.360539 0.0157121 0.0279169 0.588795
0 0.438795 0.689768 0.0215422 0.0513456 0.576967
0 0.726391 0.609654 0.0161153 0.0365913 0.500216
0 0.184135 0.597473 0.0231669 0.0224884 0.473138
1 0.450244 0.984069 0.0336174 0.0316209 0.472196
0 0.977422 0.641061 0.018343 0.0311397 0.44927
1 0.0362186 0.133077 0.0286129 0.0599897 0.418517
1 0.0370098 0.489008 0.0145872 0.022725 0.397798
0 0.179251 0.511278 0.0146766 0.0230194 0.361446
