2 0.927438 0.663065 0.0408211 0.0790884 0.836801
0 0.855158 0.632264 0.0351662 0.0655334 0.782644
2 0.681471 0.526721 0.0463618 0.0803427 0.771055
2 0.928984 0.508086 0.0381634 0.0754107 0.761244
2 0.92748 0.663448 0.0401535 0.0785298 0.841427
0 0.855244 0.632108 0.0346909 0.0652647 0.782817
2 0.68165 0.52672 0.0460011 0.0802262 0.777575
2 0.929035 0.508015 0.0383049 0.0757372 0.767055
2 0.92748 0.663448 0.0401535 0.0785298 0.841427
0 0.855244 0.632108 0.0346909 0.0652647 0.782817
2 0.68165 0.52672 0.0460011 0.0802262 0.777575
2 0.929035 0.508015 0.0383049 0.0757372 0.767055
2 0.92748 0.663448 0.0401535 0.0785298 0.841427
0 0.855244 0.632108 0.0346909 0.0652647 0.782817
2 0.68165 0.52672 0.0460011 0.0802262 0.777575
2 0.929035 0.508015 0.0383049 0.0757372 0.767055
