4 0.127505 0.932482 0.235742 0.131365 0.490785
4 0.866678 0.80501 0.266644 0.293527 0.431149
4 0.387246 0.869047 0.285199 0.24581 0.404998
4 0.183751 0.731163 0.209354 0.164929 0.394419
4 0.127689 0.932714 0.238165 0.130862 0.542257
4 0.866809 0.804506 0.266382 0.291274 0.426499
4 0.185263 0.7307 0.213196 0.164235 0.424679
4 0.38896 0.853404 0.286431 0.223042 0.350506
4 0.127689 0.932714 0.238165 0.130862 0.542257
4 0.866809 0.804506 0.266382 0.291274 0.426499
4 0.185263 0.7307 0.213196 0.164235 0.424679
4 0.38896 0.853404 0.286431 0.223042 0.350506
4 0.127689 0.932714 0.238165 0.130862 0.542257
4 0.866809 0.804506 0.266382 0.291274 0.426499
4 0.185263 0.7307 0.213196 0.164235 0.424679
4 0.38896 0.853404 0.286431 0.223042 0.350506
