1 0.308983 0.471338 0.0382993 0.0806158 0.949475
3 0.495356 0.5919 0.0551897 0.0818646 0.934498
1 0.211946 0.628885 0.0414661 0.105019 0.933952
1 0.440886 0.596339 0.0540609 0.0771104 0.92542
3 0.262049 0.524033 0.0478743 0.088988 0.916914
0 0.276541 0.796439 0.0256822 0.030191 0.782162
1 0.308914 0.471402 0.0383706 0.080808 0.946459
3 0.495245 0.592047 0.0558764 0.0826739 0.934147
1 0.21191 0.628878 0.0415291 0.104974 0.933322
1 0.440955 0.596257 0.054089 0.0770556 0.926747
3 0.262451 0.523783 0.0466756 0.0892339 0.919471
0 0.276515 0.796397 0.0255562 0.0300455 0.773853
1 0.308914 0.471402 0.0383706 0.080808 0.946459
3 0.495245 0.592047 0.0558764 0.0826739 0.934147
1 0.21191 0.628878 0.0415291 0.104974 0.933322
1 0.440955 0.596257 0.054089 0.0770556 0.926747
3 0.262451 0.523783 0.0466756 0.0892339 0.919471
0 0.276515 0.796397 0.0255562 0.0300455 0.773853
1 0.308914 0.471402 0.0383706 0.080808 0.946459
3 0.495245 0.592047 0.0558764 0.0826739 0.934147
1 0.21191 0.628878 0.0415291 0.104974 0.933322
1 0.440955 0.596257 0.054089 0.0770556 0.926747
3 0.262451 0.523783 0.0466756 0.0892339 0.919471
0 0.276515 0.796397 0.0255562 0.0300455 0.773853
