1 0.466845 0.462844 0.070922 0.0720928 0.913753
1 0.420587 0.572454 0.0418418 0.0544333 0.776259
1 0.306971 0.18087 0.0487597 0.100774 0.701106
1 0.466789 0.463019 0.072198 0.0719384 0.91221
1 0.420597 0.572438 0.0418491 0.0543661 0.78311
1 0.30697 0.1808 0.0486398 0.100473 0.693201
1 0.466789 0.463019 0.072198 0.0719384 0.91221
1 0.420597 0.572438 0.0418491 0.0543661 0.78311
1 0.30697 0.1808 0.0486398 0.100473 0.693201
1 0.466789 0.463019 0.072198 0.0719384 0.91221
1 0.420597 0.572438 0.0418491 0.0543661 0.78311
1 0.30697 0.1808 0.0486398 0.100473 0.693201
