4 0.768946 0.435116 0.462108 0.835862 0.753633
3 0.483883 0.602204 0.0233891 0.0495791 0.677261
1 0.299082 0.808253 0.040495 0.0317467 0.662074
3 0.48378 0.602168 0.0236135 0.0499425 0.667556
1 0.299027 0.808488 0.0406628 0.0329097 0.637957
4 0.767107 0.435809 0.465358 0.835125 0.634244
3 0.48378 0.602168 0.0236135 0.0499425 0.667556
1 0.299027 0.808488 0.0406628 0.0329097 0.637957
4 0.767107 0.435809 0.465358 0.835125 0.634244
3 0.48378 0.602168 0.0236135 0.0499425 0.667556
1 0.299027 0.808488 0.0406628 0.0329097 0.637957
4 0.767107 0.435809 0.465358 0.835125 0.634244
