1 0.35877 0.617777 0.0275722 0.0430878 0.82084
1 0.376927 0.496018 0.0303717 0.0562366 0.819679
1 0.24049 0.237381 0.044027 0.0810366 0.816266
1 0.392265 0.700443 0.032038 0.0548359 0.811183
2 0.390181 0.239801 0.0324426 0.0546407 0.735942
1 0.36148 0.676342 0.0332592 0.0399618 0.728612
1 0.368715 0.713114 0.0246758 0.0460193 0.714854
1 0.407039 0.648754 0.0324547 0.0396102 0.714226
1 0.398539 0.671742 0.0338058 0.0321857 0.713516
1 0.349968 0.722108 0.0190905 0.0405879 0.682036
2 0.360259 0.651178 0.0303793 0.02582 0.663603
1 0.943461 0.665982 0.0234354 0.0404696 0.584198
1 0.240424 0.237459 0.0428095 0.0809266 0.825002
1 0.376988 0.496054 0.0305 0.0558023 0.821312
1 0.358796 0.617795 0.0275578 0.043158 0.819841
1 0.392306 0.700492 0.0321044 0.0548345 0.81079
2 0.390151 0.23958 0.0319139 0.0537282 0.740963
1 0.361478 0.676355 0.0332869 0.0399053 0.728892
1 0.3985 0.671757 0.033895 0.0320582 0.715162
1 0.368726 0.713044 0.0246951 0.0460182 0.71427
1 0.407046 0.64851 0.0326633 0.0400556 0.709364
1 0.34998 0.722085 0.019082 0.0404689 0.67913
2 0.360293 0.651114 0.0303561 0.0260205 0.664401
1 0.943486 0.665927 0.0234495 0.0407021 0.594957
1 0.93382 0.624319 0.0185361 0.0291929 0.303456
1 0.240424 0.237459 0.0428095 0.0809266 0.825002
1 0.376988 0.496054 0.0305 0.0558023 0.821312
1 0.358796 0.617795 0.0275578 0.043158 0.819841
1 0.392306 0.700492 0.0321044 0.0548345 0.81079
2 0.390151 0.23958 0.0319139 0.0537282 0.740963
1 0.361478 0.676355 0.0332869 0.0399053 0.728892
1 0.3985 0.671757 0.033895 0.0320582 0.715162
1 0.368726 0.713044 0.0246951 0.0460182 0.71427
1 0.407046 0.64851 0.0326633 0.0400556 0.709364
1 0.34998 0.722085 0.019082 0.0404689 0.67913
2 0.360293 0.651114 0.0303561 0.0260205 0.664401
1 0.943486 0.665927 0.0234495 0.0407021 0.594957
1 0.93382 0.624319 0.0185361 0.0291929 0.303456
1 0.240424 0.237459 0.0428095 0.0809266 0.825002
1 0.376988 0.496054 0.0305 0.0558023 0.821312
1 0.358796 0.617795 0.0275578 0.043158 0.819841
1 0.392306 0.700492 0.0321044 0.0548345 0.81079
2 0.390151 0.23958 0.0319139 0.0537282 0.740963
1 0.361478 0.676355 0.0332869 0.0399053 0.728892
1 0.3985 0.671757 0.033895 0.0320582 0.715162
1 0.368726 0.713044 0.0246951 0.0460182 0.71427
1 0.407046 0.64851 0.0326633 0.0400556 0.709364
1 0.34998 0.722085 0.019082 0.0404689 0.67913
2 0.360293 0.651114 0.0303561 0.0260205 0.664401
1 0.943486 0.665927 0.0234495 0.0407021 0.594957
1 0.93382 0.624319 0.0185361 0.0291929 0.303456
