1 0.47203 0.723534 0.0428429 0.0858708 0.763587
1 0.664282 0.421985 0.0499606 0.0883079 0.761952
1 0.52958 0.836274 0.0506569 0.100824 0.755431
0 0.658305 0.662059 0.0415292 0.0606058 0.726906
0 0.582028 0.502205 0.0349762 0.0573587 0.626127
2 0.309695 0.595626 0.0177045 0.0278658 0.522623
1 0.806039 0.666639 0.027339 0.0312599 0.502222
0 0.914992 0.624517 0.0237312 0.0288483 0.379073
1 0.529632 0.836074 0.0509302 0.100681 0.759894
1 0.471943 0.72364 0.0434176 0.0858585 0.759048
1 0.664183 0.42217 0.0505716 0.0882277 0.755334
0 0.658309 0.661798 0.0415815 0.0612421 0.72971
0 0.582055 0.502188 0.0349122 0.0571649 0.630058
2 0.309694 0.595595 0.0176228 0.0277785 0.544911
1 0.806032 0.666622 0.0274893 0.0317801 0.505641
0 0.915004 0.624555 0.0234753 0.028529 0.400953
1 0.529632 0.836074 0.0509302 0.100681 0.759894
1 0.471943 0.72364 0.0434176 0.0858585 0.759048
1 0.664183 0.42217 0.0505716 0.0882277 0.755334
0 0.658309 0.661798 0.0415815 0.0612421 0.72971
0 0.582055 0.502188 0.0349122 0.0571649 0.630058
2 0.309694 0.595595 0.0176228 0.0277785 0.544911
1 0.806032 0.666622 0.0274893 0.0317801 0.505641
0 0.915004 0.624555 0.0234753 0.028529 0.400953
1 0.529632 0.836074 0.0509302 0.100681 0.759894
1 0.471943 0.72364 0.0434176 0.0858585 0.759048
1 0.664183 0.42217 0.0505716 0.0882277 0.755334
0 0.658309 0.661798 0.0415815 0.0612421 0.72971
0 0.582055 0.502188 0.0349122 0.0571649 0.630058
2 0.309694 0.595595 0.0176228 0.0277785 0.544911
1 0.806032 0.666622 0.0274893 0.0317801 0.505641
0 0.915004 0.624555 0.0234753 0.028529 0.400953
