0 0.0734772 0.801595 0.0395387 0.0486288 0.805107
0 0.0236819 0.765731 0.0255411 0.0409877 0.687099
0 0.914869 0.763361 0.0199127 0.0402979 0.648369
0 0.0275189 0.948415 0.0316437 0.0505804 0.643466
0 0.0214381 0.734141 0.0245376 0.0332747 0.642295
0 0.91945 0.727929 0.0195956 0.0338933 0.623064
0 0.0734277 0.801518 0.0400543 0.0492516 0.810961
0 0.914908 0.763304 0.0197184 0.0402346 0.708922
0 0.0235529 0.765285 0.025773 0.0412983 0.693631
0 0.919464 0.727876 0.019408 0.0336283 0.644589
0 0.0213236 0.733994 0.0248003 0.0330537 0.632166
0 0.0275608 0.949043 0.0317497 0.0524846 0.585932
0 0.0734277 0.801518 0.0400543 0.0492516 0.810961
0 0.914908 0.763304 0.0197184 0.0402346 0.708922
0 0.0235529 0.765285 0.025773 0.0412983 0.693631
0 0.919464 0.727876 0.019408 0.0336283 0.644589
0 0.0213236 0.733994 0.0248003 0.0330537 0.632166
0 0.0275608 0.949043 0.0317497 0.0524846 0.585932
0 0.0734277 0.801518 0.0400543 0.0492516 0.810961
0 0.914908 0.763304 0.0197184 0.0402346 0.708922
0 0.0235529 0.765285 0.025773 0.0412983 0.693631
0 0.919464 0.727876 0.019408 0.0336283 0.644589
0 0.0213236 0.733994 0.0248003 0.0330537 0.632166
0 0.0275608 0.949043 0.0317497 0.0524846 0.585932
