2 0.344996 0.513331 0.0545606 0.104408 0.785235
1 0.466094 0.768973 0.0454995 0.084949 0.735631
1 0.424708 0.510382 0.0521132 0.0703195 0.715217
0 0.429819 0.772707 0.029652 0.0677284 0.70384
0 0.422531 0.698539 0.0336897 0.0664437 0.662131
2 0.753304 0.777138 0.0195747 0.0310514 0.620215
1 0.307103 0.493786 0.0357075 0.0822007 0.608495
2 0.34505 0.513479 0.0548448 0.104573 0.785987
1 0.466131 0.769114 0.0457376 0.0846994 0.723421
0 0.429784 0.772728 0.0300575 0.0683559 0.709792
1 0.424636 0.510526 0.0520137 0.0704015 0.705296
0 0.422557 0.698579 0.0341499 0.0667526 0.663109
2 0.753279 0.777142 0.0197253 0.0310755 0.623437
1 0.307139 0.493686 0.0357033 0.0824468 0.58035
2 0.34505 0.513479 0.0548448 0.104573 0.785987
1 0.466131 0.769114 0.0457376 0.0846994 0.723421
0 0.429784 0.772728 0.0300575 0.0683559 0.709792
1 0.424636 0.510526 0.0520137 0.0704015 0.705296
0 0.422557 0.698579 0.0341499 0.0667526 0.663109
2 0.753279 0.777142 0.0197253 0.0310755 0.623437
1 0.307139 0.493686 0.0357033 0.0824468 0.58035
2 0.34505 0.513479 0.0548448 0.104573 0.785987
1 0.466131 0.769114 0.0457376 0.0846994 0.723421
0 0.429784 0.772728 0.0300575 0.0683559 0.709792
1 0.424636 0.510526 0.0520137 0.0704015 0.705296
0 0.422557 0.698579 0.0341499 0.0667526 0.663109
2 0.753279 0.777142 0.0197253 0.0310755 0.623437
1 0.307139 0.493686 0.0357033 0.0824468 0.58035
