0 0.541768 0.627861 0.0335415 0.0578015 0.806242
2 0.607965 0.642795 0.0439981 0.0795377 0.783578
2 0.378694 0.540292 0.0383347 0.0725461 0.777138
2 0.603664 0.513259 0.0364725 0.0667443 0.71082
0 0.541803 0.627701 0.0338044 0.0569822 0.816812
2 0.607947 0.642649 0.044389 0.0795011 0.789024
2 0.378745 0.540368 0.0387223 0.0724699 0.773329
2 0.603634 0.513302 0.0368268 0.0667775 0.720269
0 0.541803 0.627701 0.0338044 0.0569822 0.816812
2 0.607947 0.642649 0.044389 0.0795011 0.789024
2 0.378745 0.540368 0.0387223 0.0724699 0.773329
2 0.603634 0.513302 0.0368268 0.0667775 0.720269
0 0.541803 0.627701 0.0338044 0.0569822 0.816812
2 0.607947 0.642649 0.044389 0.0795011 0.789024
2 0.378745 0.540368 0.0387223 0.0724699 0.773329
2 0.603634 0.513302 0.0368268 0.0667775 0.720269
