3 0.739964 0.655311 0.0700846 0.125486 0.878945
1 0.52429 0.649073 0.0787315 0.0861692 0.779022
1 0.754605 0.527844 0.0682752 0.145879 0.775733
1 0.828797 0.423597 0.0732615 0.165905 0.77343
1 0.624636 0.78605 0.0534265 0.102742 0.761549
1 0.972806 0.129567 0.0543883 0.160788 0.671859
3 0.739982 0.655389 0.0697161 0.125469 0.879657
1 0.524207 0.649079 0.0780544 0.0853702 0.78925
1 0.754743 0.527651 0.0685979 0.145938 0.774456
1 0.828779 0.423782 0.0731012 0.166054 0.77213
1 0.624628 0.786092 0.0532482 0.102715 0.760743
1 0.973093 0.129418 0.0538142 0.159092 0.682236
3 0.739982 0.655389 0.0697161 0.125469 0.879657
1 0.524207 0.649079 0.0780544 0.0853702 0.78925
1 0.754743 0.527651 0.0685979 0.145938 0.774456
1 0.828779 0.423782 0.0731012 0.166054 0.77213
1 0.624628 0.786092 0.0532482 0.102715 0.760743
1 0.973093 0.129418 0.0538142 0.159092 0.682236
3 0.739982 0.655389 0.0697161 0.125469 0.879657
1 0.524207 0.649079 0.0780544 0.0853702 0.78925
1 0.754743 0.527651 0.0685979 0.145938 0.774456
1 0.828779 0.423782 0.0731012 0.166054 0.77213
1 0.624628 0.786092 0.0532482 0.102715 0.760743
1 0.973093 0.129418 0.0538142 0.159092 0.682236
