0 0.420214 0.306288 0.072237 0.0837432 0.854681
1 0.462843 0.457077 0.121611 0.146819 0.829979
0 0.0899366 0.512423 0.0869829 0.0863255 0.827802
0 0.353286 0.58391 0.0517538 0.0480452 0.806736
0 0.161821 0.557478 0.0499373 0.116781 0.798345
0 0.116203 0.412498 0.0562803 0.0610632 0.713291
0 0.480555 0.238916 0.0741318 0.108409 0.706281
0 0.580388 0.0291327 0.075005 0.0580303 0.666173
0 0.390929 0.382085 0.0889444 0.0612219 0.637249
1 0.491113 0.585232 0.108884 0.130428 0.580399
3 0.393225 0.83476 0.101333 0.147005 0.554566
0 0.517209 0.435784 0.0708111 0.0817399 0.482916
0 0.50579 0.348506 0.0361235 0.0567396 0.458235
0 0.492511 0.585127 0.108146 0.130132 0.433821
1 0.391941 0.833403 0.105727 0.149309 0.421008
0 0.420124 0.306358 0.0718634 0.083573 0.854389
0 0.0897716 0.513237 0.0876482 0.0883902 0.82989
1 0.463077 0.456903 0.1213 0.146989 0.82617
0 0.353518 0.584003 0.0521199 0.0481311 0.802087
0 0.161859 0.557573 0.0498659 0.117082 0.797477
0 0.480829 0.238882 0.0740328 0.107293 0.73815
0 0.116092 0.412495 0.0559833 0.0604492 0.710778
0 0.390938 0.381851 0.0886034 0.0607881 0.636297
0 0.581716 0.0304185 0.0762282 0.0608371 0.628373
1 0.490968 0.585635 0.108863 0.130248 0.585009
3 0.392777 0.834713 0.101001 0.147038 0.539732
1 0.39159 0.833424 0.105259 0.149157 0.448613
0 0.492386 0.585468 0.108092 0.129791 0.422173
0 0.505781 0.348659 0.0358488 0.0558505 0.400275
0 0.517315 0.435799 0.0703968 0.081649 0.36596
0 0.420124 0.306358 0.0718634 0.083573 0.854389
0 0.0897716 0.513237 0.0876482 0.0883902 0.82989
1 0.463077 0.456903 0.1213 0.146989 0.82617
0 0.353518 0.584003 0.0521199 0.0481311 0.802087
0 0.161859 0.557573 0.0498659 0.117082 0.797477
0 0.480829 0.238882 0.0740328 0.107293 0.73815
0 0.116092 0.412495 0.0559833 0.0604492 0.710778
0 0.390938 0.381851 0.0886034 0.0607881 0.636297
0 0.581716 0.0304185 0.0762282 0.0608371 0.628373
1 0.490968 0.585635 0.108863 0.130248 0.585009
3 0.392777 0.834713 0.101001 0.147038 0.539732
1 0.39159 0.833424 0.105259 0.149157 0.448613
0 0.492386 0.585468 0.108092 0.129791 0.422173
0 0.505781 0.348659 0.0358488 0.0558505 0.400275
0 0.517315 0.435799 0.0703968 0.081649 0.36596
0 0.420124 0.306358 0.0718634 0.083573 0.854389
0 0.0897716 0.513237 0.0876482 0.0883902 0.82989
1 0.463077 0.456903 0.1213 0.146989 0.82617
0 0.353518 0.584003 0.0521199 0.0481311 0.802087
0 0.161859 0.557573 0.0498659 0.117082 0.797477
0 0.480829 0.238882 0.0740328 0.107293 0.73815
0 0.116092 0.412495 0.0559833 0.0604492 0.710778
0 0.390938 0.381851 0.0886034 0.0607881 0.636297
0 0.581716 0.0304185 0.0762282 0.0608371 0.628373
1 0.490968 0.585635 0.108863 0.130248 0.585009
3 0.392777 0.834713 0.101001 0.147038 0.539732
1 0.39159 0.833424 0.105259 0.149157 0.448613
0 0.492386 0.585468 0.108092 0.129791 0.422173
0 0.505781 0.348659 0.0358488 0.0558505 0.400275
0 0.517315 0.435799 0.0703968 0.081649 0.36596
