3 0.404848 0.444601 0.0612219 0.120387 0.83565
0 0.347318 0.668138 0.0309176 0.058861 0.720668
3 0.405636 0.445734 0.0595898 0.118967 0.840219
0 0.347353 0.668036 0.0296214 0.0582717 0.702561
1 0.939261 0.814805 0.0149004 0.0240878 0.255447
3 0.405636 0.445734 0.0595898 0.118967 0.840219
0 0.347353 0.668036 0.0296214 0.0582717 0.702561
1 0.939261 0.814805 0.0149004 0.0240878 0.255447
3 0.405636 0.445734 0.0595898 0.118967 0.840219
0 0.347353 0.668036 0.0296214 0.0582717 0.702561
1 0.939261 0.814805 0.0149004 0.0240878 0.255447
