3 0.529807 0.647624 0.0358097 0.0654061 0.805196
1 0.666259 0.617724 0.0332253 0.0576637 0.759103
1 0.667955 0.729979 0.03386 0.0557702 0.749866
3 0.980965 0.510479 0.0379238 0.114125 0.744278
1 0.645639 0.761482 0.0259278 0.0493902 0.684375
1 0.713406 0.875781 0.0331453 0.0571816 0.609639
0 0.179383 0.682221 0.028596 0.0343208 0.511644
0 0.219529 0.726071 0.0177144 0.0283837 0.498518
1 0.401448 0.693629 0.0157329 0.0288863 0.4636
0 0.28625 0.708539 0.0196911 0.0318909 0.422278
3 0.529784 0.647726 0.035627 0.065149 0.808817
1 0.66624 0.617729 0.0331656 0.0577616 0.758544
1 0.667934 0.729968 0.0338843 0.0557202 0.752058
3 0.981042 0.510445 0.0377556 0.113338 0.742066
1 0.645623 0.761543 0.0259977 0.0494684 0.685512
1 0.713345 0.875855 0.033136 0.0567999 0.603463
0 0.21955 0.726062 0.0179749 0.0283975 0.490499
0 0.17942 0.682173 0.0286277 0.0344318 0.480717
1 0.401394 0.693557 0.0155429 0.0286335 0.45757
0 0.286243 0.70861 0.0191989 0.0312559 0.374746
0 0.218385 0.75194 0.0167434 0.0212488 0.28119
1 0.286588 0.708268 0.0194353 0.0316258 0.266229
1 0.178677 0.682176 0.0293822 0.0357732 0.260339
3 0.529784 0.647726 0.035627 0.065149 0.808817
1 0.66624 0.617729 0.0331656 0.0577616 0.758544
1 0.667934 0.729968 0.0338843 0.0557202 0.752058
3 0.981042 0.510445 0.0377556 0.113338 0.742066
1 0.645623 0.761543 0.0259977 0.0494684 0.685512
1 0.713345 0.875855 0.033136 0.0567999 0.603463
0 0.21955 0.726062 0.0179749 0.0283975 0.490499
0 0.17942 0.682173 0.0286277 0.0344318 0.480717
1 0.401394 0.693557 0.0155429 0.0286335 0.45757
0 0.286243 0.70861 0.0191989 0.0312559 0.374746
0 0.218385 0.75194 0.0167434 0.0212488 0.28119
1 0.286588 0.708268 0.0194353 0.0316258 0.266229
1 0.178677 0.682176 0.0293822 0.0357732 0.260339
3 0.529784 0.647726 0.035627 0.065149 0.808817
1 0.66624 0.617729 0.0331656 0.0577616 0.758544
1 0.667934 0.729968 0.0338843 0.0557202 0.752058
3 0.981042 0.510445 0.0377556 0.113338 0.742066
1 0.645623 0.761543 0.0259977 0.0494684 0.685512
1 0.713345 0.875855 0.033136 0.0567999 0.603463
0 0.21955 0.726062 0.0179749 0.0283975 0.490499
0 0.17942 0.682173 0.0286277 0.0344318 0.480717
1 0.401394 0.693557 0.0155429 0.0286335 0.45757
0 0.286243 0.70861 0.0191989 0.0312559 0.374746
0 0.218385 0.75194 0.0167434 0.0212488 0.28119
1 0.286588 0.708268 0.0194353 0.0316258 0.266229
1 0.178677 0.682176 0.0293822 0.0357732 0.260339
