2 0.57915 0.485099 0.0776482 0.0741619 0.816769
1 0.478885 0.880812 0.0512888 0.126438 0.744189
3 0.439946 0.139858 0.0375885 0.0734722 0.619291
0 0.61944 0.693808 0.0198357 0.0332085 0.424347
1 0.196474 0.69026 0.0175031 0.0267609 0.423046
1 0.0245763 0.344134 0.0386912 0.0662523 0.39066
3 0.0239101 0.345531 0.0416668 0.0725166 0.358596
0 0.779017 0.0844554 0.0398862 0.082575 0.339204
0 0.207677 0.596315 0.0147838 0.0252668 0.317002
2 0.579339 0.484882 0.0771259 0.0737924 0.822144
1 0.478901 0.881028 0.0512966 0.12587 0.738614
3 0.43997 0.139905 0.0383158 0.0741724 0.6567
0 0.61948 0.693803 0.0198219 0.0332132 0.552355
0 0.778944 0.0844115 0.0392146 0.0829581 0.397543
1 0.196469 0.690221 0.0172407 0.0263397 0.371688
3 0.0236174 0.346214 0.0413614 0.0711276 0.369571
0 0.207679 0.596358 0.0147396 0.0252967 0.352869
1 0.0242822 0.34475 0.0387705 0.0660736 0.261206
2 0.579339 0.484882 0.0771259 0.0737924 0.822144
1 0.478901 0.881028 0.0512966 0.12587 0.738614
3 0.43997 0.139905 0.0383158 0.0741724 0.6567
0 0.61948 0.693803 0.0198219 0.0332132 0.552355
0 0.778944 0.0844115 0.0392146 0.0829581 0.397543
1 0.196469 0.690221 0.0172407 0.0263397 0.371688
3 0.0236174 0.346214 0.0413614 0.0711276 0.369571
0 0.207679 0.596358 0.0147396 0.0252967 0.352869
1 0.0242822 0.34475 0.0387705 0.0660736 0.261206
2 0.579339 0.484882 0.0771259 0.0737924 0.822144
1 0.478901 0.881028 0.0512966 0.12587 0.738614
3 0.43997 0.139905 0.0383158 0.0741724 0.6567
0 0.61948 0.693803 0.0198219 0.0332132 0.552355
0 0.778944 0.0844115 0.0392146 0.0829581 0.397543
1 0.196469 0.690221 0.0172407 0.0263397 0.371688
3 0.0236174 0.346214 0.0413614 0.0711276 0.369571
0 0.207679 0.596358 0.0147396 0.0252967 0.352869
1 0.0242822 0.34475 0.0387705 0.0660736 0.261206
