1 0.600056 0.589723 0.0736414 0.151842 0.825913
0 0.738947 0.248256 0.0614352 0.0817898 0.513393
1 0.739463 0.247938 0.0622565 0.0817384 0.394015
1 0.599871 0.589249 0.0727852 0.150357 0.834682
0 0.738911 0.247927 0.0612139 0.0829163 0.529763
1 0.739368 0.247682 0.0620667 0.0828493 0.390277
1 0.599871 0.589249 0.0727852 0.150357 0.834682
0 0.738911 0.247927 0.0612139 0.0829163 0.529763
1 0.739368 0.247682 0.0620667 0.0828493 0.390277
1 0.599871 0.589249 0.0727852 0.150357 0.834682
0 0.738911 0.247927 0.0612139 0.0829163 0.529763
1 0.739368 0.247682 0.0620667 0.0828493 0.390277
