4 0.537141 0.492447 0.266358 0.255823 0.911538
4 0.918438 0.093441 0.163124 0.186882 0.861744
4 0.722281 0.264016 0.258133 0.193846 0.827652
4 0.679355 0.807392 0.226029 0.293036 0.765735
4 0.0526867 0.914044 0.105373 0.169869 0.747403
4 0.428506 0.141266 0.236559 0.219909 0.692915
4 0.425964 0.687514 0.146757 0.165098 0.642595
4 0.17016 0.580083 0.213082 0.199026 0.640616
4 0.308105 0.880236 0.209183 0.235804 0.617657
4 0.508564 0.876941 0.142008 0.202614 0.614758
4 0.940861 0.951817 0.117713 0.0953281 0.313975
4 0.537413 0.490738 0.265536 0.258694 0.909955
4 0.918283 0.0928589 0.163435 0.185718 0.8548
4 0.722344 0.263631 0.257271 0.193621 0.835439
4 0.679119 0.807824 0.226839 0.294417 0.772603
4 0.0533999 0.913673 0.1068 0.170794 0.71642
4 0.429012 0.141504 0.235748 0.21954 0.636422
4 0.425773 0.687333 0.146595 0.165401 0.628495
4 0.171118 0.579599 0.210512 0.197414 0.621004
4 0.309455 0.87933 0.209516 0.238867 0.61155
4 0.50862 0.873778 0.143564 0.198987 0.598081
4 0.939378 0.953248 0.12077 0.0927777 0.34549
4 0.211856 0.28877 0.13531 0.136594 0.30739
4 0.6141 0.0255114 0.107244 0.0510229 0.288269
4 0.537413 0.490738 0.265536 0.258694 0.909955
4 0.918283 0.0928589 0.163435 0.185718 0.8548
4 0.722344 0.263631 0.257271 0.193621 0.835439
4 0.679119 0.807824 0.226839 0.294417 0.772603
4 0.0533999 0.913673 0.1068 0.170794 0.71642
4 0.429012 0.141504 0.235748 0.21954 0.636422
4 0.425773 0.687333 0.146595 0.165401 0.628495
4 0.171118 0.579599 0.210512 0.197414 0.621004
4 0.309455 0.87933 0.209516 0.238867 0.61155
4 0.50862 0.873778 0.143564 0.198987 0.598081
4 0.939378 0.953248 0.12077 0.0927777 0.34549
4 0.211856 0.28877 0.13531 0.136594 0.30739
4 0.6141 0.0255114 0.107244 0.0510229 0.288269
4 0.537413 0.490738 0.265536 0.258694 0.909955
4 0.918283 0.0928589 0.163435 0.185718 0.8548
4 0.722344 0.263631 0.257271 0.193621 0.835439
4 0.679119 0.807824 0.226839 0.294417 0.772603
4 0.0533999 0.913673 0.1068 0.170794 0.71642
4 0.429012 0.141504 0.235748 0.21954 0.636422
4 0.425773 0.687333 0.146595 0.165401 0.628495
4 0.171118 0.579599 0.210512 0.197414 0.621004
4 0.309455 0.87933 0.209516 0.238867 0.61155
4 0.50862 0.873778 0.143564 0.198987 0.598081
4 0.939378 0.953248 0.12077 0.0927777 0.34549
4 0.211856 0.28877 0.13531 0.136594 0.30739
4 0.6141 0.0255114 0.107244 0.0510229 0.288269
