1 0.558911 0.566395 0.0623985 0.114823 0.840431
1 0.270295 0.630239 0.062546 0.0972161 0.833015
1 0.272478 0.565529 0.0688999 0.0736445 0.81478
1 0.52223 0.685918 0.0540125 0.0949315 0.797635
1 0.519606 0.618814 0.0484379 0.102757 0.795134
1 0.558955 0.566496 0.0625637 0.11538 0.837959
1 0.270436 0.630156 0.0628074 0.0971986 0.834628
1 0.272644 0.565739 0.0690637 0.0737767 0.805605
1 0.522161 0.685604 0.0542573 0.0954835 0.79448
1 0.519549 0.618913 0.0486732 0.10303 0.792816
1 0.558955 0.566496 0.0625637 0.11538 0.837959
1 0.270436 0.630156 0.0628074 0.0971986 0.834628
1 0.272644 0.565739 0.0690637 0.0737767 0.805605
1 0.522161 0.685604 0.0542573 0.0954835 0.79448
1 0.519549 0.618913 0.0486732 0.10303 0.792816
1 0.558955 0.566496 0.0625637 0.11538 0.837959
1 0.270436 0.630156 0.0628074 0.0971986 0.834628
1 0.272644 0.565739 0.0690637 0.0737767 0.805605
1 0.522161 0.685604 0.0542573 0.0954835 0.79448
1 0.519549 0.618913 0.0486732 0.10303 0.792816
