3 0.81982 0.373453 0.0346977 0.0474055 0.781096
2 0.730844 0.714492 0.0284623 0.0413119 0.709632
2 0.742722 0.666941 0.0259542 0.0444442 0.693413
0 0.0679304 0.190988 0.0363035 0.0321467 0.656776
1 0.0151219 0.96421 0.0301054 0.0713493 0.641582
0 0.268044 0.757821 0.0185246 0.0257063 0.579477
1 0.0518602 0.212858 0.0304058 0.0593412 0.531435
0 0.758191 0.501329 0.02213 0.0350069 0.506217
1 0.0843529 0.628228 0.0314771 0.0429777 0.463752
1 0.0881236 0.826045 0.0339978 0.0624662 0.45186
0 0.982634 0.870173 0.0347313 0.0568679 0.435735
0 0.0882529 0.826172 0.0338148 0.0621951 0.423632
2 0.307515 0.633727 0.022487 0.034275 0.40877
0 0.772869 0.456321 0.0194309 0.0303172 0.383272
3 0.716305 0.542028 0.015249 0.0234983 0.340983
1 0.721317 0.672182 0.0183051 0.0319822 0.315148
1 0.0772743 0.223285 0.0314257 0.0480483 0.312422
0 0.0752341 0.224398 0.0312716 0.0459815 0.302923
3 0.81995 0.373364 0.034766 0.0482246 0.777744
1 0.015572 0.96346 0.031024 0.0729844 0.714985
2 0.730849 0.714672 0.0286565 0.0415873 0.706636
2 0.742738 0.666882 0.0262051 0.0445451 0.705334
0 0.0680442 0.190947 0.0361119 0.0325454 0.635972
0 0.268016 0.75782 0.0186104 0.0260181 0.56304
1 0.0518675 0.212957 0.0306232 0.059584 0.5534
0 0.0880355 0.82674 0.0345008 0.0618143 0.524128
0 0.982538 0.870056 0.034923 0.0574474 0.514256
0 0.758154 0.501234 0.022124 0.0349152 0.506234
1 0.0843837 0.628278 0.0313036 0.0428169 0.459024
2 0.307485 0.633696 0.0224858 0.0344255 0.429757
0 0.772889 0.456293 0.0191911 0.03017 0.353497
1 0.0773152 0.223207 0.0316615 0.0484113 0.335469
1 0.72134 0.672147 0.0183903 0.03195 0.303305
3 0.81995 0.373364 0.034766 0.0482246 0.777744
1 0.015572 0.96346 0.031024 0.0729844 0.714985
2 0.730849 0.714672 0.0286565 0.0415873 0.706636
2 0.742738 0.666882 0.0262051 0.0445451 0.705334
0 0.0680442 0.190947 0.0361119 0.0325454 0.635972
0 0.268016 0.75782 0.0186104 0.0260181 0.56304
1 0.0518675 0.212957 0.0306232 0.059584 0.5534
0 0.0880355 0.82674 0.0345008 0.0618143 0.524128
0 0.982538 0.870056 0.034923 0.0574474 0.514256
0 0.758154 0.501234 0.022124 0.0349152 0.506234
1 0.0843837 0.628278 0.0313036 0.0428169 0.459024
2 0.307485 0.633696 0.0224858 0.0344255 0.429757
0 0.772889 0.456293 0.0191911 0.03017 0.353497
1 0.0773152 0.223207 0.0316615 0.0484113 0.335469
1 0.72134 0.672147 0.0183903 0.03195 0.303305
3 0.81995 0.373364 0.034766 0.0482246 0.777744
1 0.015572 0.96346 0.031024 0.0729844 0.714985
2 0.730849 0.714672 0.0286565 0.0415873 0.706636
2 0.742738 0.666882 0.0262051 0.0445451 0.705334
0 0.0680442 0.190947 0.0361119 0.0325454 0.635972
0 0.268016 0.75782 0.0186104 0.0260181 0.56304
1 0.0518675 0.212957 0.0306232 0.059584 0.5534
0 0.0880355 0.82674 0.0345008 0.0618143 0.524128
0 0.982538 0.870056 0.034923 0.0574474 0.514256
0 0.758154 0.501234 0.022124 0.0349152 0.506234
1 0.0843837 0.628278 0.0313036 0.0428169 0.459024
2 0.307485 0.633696 0.0224858 0.0344255 0.429757
0 0.772889 0.456293 0.0191911 0.03017 0.353497
1 0.0773152 0.223207 0.0316615 0.0484113 0.335469
1 0.72134 0.672147 0.0183903 0.03195 0.303305
