4 0.429197 0.836498 0.444062 0.321237 0.830024
4 0.834128 0.597219 0.327875 0.568106 0.777397
4 0.339404 0.429702 0.426581 0.331166 0.730771
4 0.0430167 0.394089 0.0856053 0.284917 0.395728
0 0.923624 0.728011 0.0133389 0.0267026 0.305768
4 0.42734 0.837844 0.444826 0.319753 0.831549
4 0.83187 0.603309 0.328581 0.555596 0.780404
4 0.339316 0.425789 0.428567 0.329621 0.708813
4 0.0428746 0.394174 0.0852419 0.281841 0.478747
0 0.923685 0.727974 0.0128311 0.0258726 0.416679
4 0.626653 0.437274 0.212347 0.345164 0.274851
4 0.42734 0.837844 0.444826 0.319753 0.831549
4 0.83187 0.603309 0.328581 0.555596 0.780404
4 0.339316 0.425789 0.428567 0.329621 0.708813
4 0.0428746 0.394174 0.0852419 0.281841 0.478747
0 0.923685 0.727974 0.0128311 0.0258726 0.416679
4 0.626653 0.437274 0.212347 0.345164 0.274851
4 0.42734 0.837844 0.444826 0.319753 0.831549
4 0.83187 0.603309 0.328581 0.555596 0.780404
4 0.339316 0.425789 0.428567 0.329621 0.708813
4 0.0428746 0.394174 0.0852419 0.281841 0.478747
0 0.923685 0.727974 0.0128311 0.0258726 0.416679
4 0.626653 0.437274 0.212347 0.345164 0.274851
