2 0.610159 0.431934 0.0370071 0.0636756 0.756082
1 0.645838 0.372568 0.0396254 0.0693592 0.733644
2 0.902338 0.288245 0.0384556 0.0580231 0.677022
2 0.394977 0.297851 0.0159568 0.0287859 0.517379
1 0.393948 0.205213 0.0159593 0.0305247 0.487135
1 0.410554 0.208087 0.0186949 0.0349112 0.47102
1 0.383439 0.284506 0.0158386 0.0254058 0.405798
2 0.610192 0.432001 0.0367521 0.0635073 0.757549
1 0.645972 0.372665 0.0396662 0.0694309 0.744368
2 0.902399 0.287996 0.0399971 0.0594615 0.683639
2 0.394958 0.297833 0.0158887 0.0287825 0.519899
1 0.393893 0.205299 0.0158516 0.0301935 0.476558
1 0.410536 0.208165 0.0185791 0.0346913 0.451559
1 0.383461 0.284664 0.0155499 0.0251089 0.412103
1 0.401895 0.234552 0.0164425 0.0273198 0.292402
2 0.610192 0.432001 0.0367521 0.0635073 0.757549
1 0.645972 0.372665 0.0396662 0.0694309 0.744368
2 0.902399 0.287996 0.0399971 0.0594615 0.683639
2 0.394958 0.297833 0.0158887 0.0287825 0.519899
1 0.393893 0.205299 0.0158516 0.0301935 0.476558
1 0.410536 0.208165 0.0185791 0.0346913 0.451559
1 0.383461 0.284664 0.0155499 0.0251089 0.412103
1 0.401895 0.234552 0.0164425 0.0273198 0.292402
2 0.610192 0.432001 0.0367521 0.0635073 0.757549
1 0.645972 0.372665 0.0396662 0.0694309 0.744368
2 0.902399 0.287996 0.0399971 0.0594615 0.683639
2 0.394958 0.297833 0.0158887 0.0287825 0.519899
1 0.393893 0.205299 0.0158516 0.0301935 0.476558
1 0.410536 0.208165 0.0185791 0.0346913 0.451559
1 0.383461 0.284664 0.0155499 0.0251089 0.412103
1 0.401895 0.234552 0.0164425 0.0273198 0.292402
