1 0.817267 0.28084 0.0700714 0.117123 0.867647
1 0.638123 0.385703 0.079537 0.111106 0.786813
0 0.499216 0.125969 0.0388179 0.057589 0.676211
1 0.817311 0.280505 0.0692999 0.116074 0.865623
1 0.638272 0.385454 0.0790003 0.109405 0.784386
0 0.499189 0.126061 0.0390802 0.0580646 0.683408
1 0.817311 0.280505 0.0692999 0.116074 0.865623
1 0.638272 0.385454 0.0790003 0.109405 0.784386
0 0.499189 0.126061 0.0390802 0.0580646 0.683408
1 0.817311 0.280505 0.0692999 0.116074 0.865623
1 0.638272 0.385454 0.0790003 0.109405 0.784386
0 0.499189 0.126061 0.0390802 0.0580646 0.683408
