1 0.576675 0.394466 0.0620375 0.146881 0.822609
1 0.526734 0.39234 0.0641445 0.106555 0.822537
0 0.515388 0.542973 0.0538746 0.100407 0.695474
1 0.652482 0.406713 0.0799149 0.105902 0.634952
0 0.703083 0.0701189 0.0393546 0.0695366 0.626231
0 0.685186 0.119805 0.0482181 0.0601134 0.577292
0 0.585645 0.128557 0.0738898 0.08976 0.519974
0 0.652364 0.407825 0.0813586 0.105846 0.504402
1 0.614643 0.482747 0.0609336 0.0564357 0.474351
1 0.627238 0.434863 0.045614 0.0806828 0.462347
1 0.498133 0.165674 0.0463757 0.0409007 0.31357
0 0.590861 0.0377366 0.0430391 0.055011 0.304129
1 0.576893 0.394895 0.0625114 0.148175 0.820227
1 0.52685 0.392215 0.0642516 0.107784 0.818173
0 0.515384 0.542969 0.0545131 0.101383 0.69975
0 0.70308 0.0701037 0.0399729 0.0699157 0.640614
0 0.685276 0.120086 0.0479445 0.0601657 0.619665
1 0.652663 0.406907 0.0803188 0.106523 0.604797
0 0.585445 0.129834 0.0724657 0.0868657 0.560062
0 0.652571 0.407931 0.0816754 0.105901 0.528234
1 0.614712 0.48271 0.0612589 0.0570878 0.491009
1 0.627191 0.435003 0.0462687 0.0810408 0.485632
0 0.590218 0.0382613 0.0461592 0.0585927 0.343564
0 0.497747 0.165538 0.0462152 0.0405403 0.334392
1 0.576893 0.394895 0.0625114 0.148175 0.820227
1 0.52685 0.392215 0.0642516 0.107784 0.818173
0 0.515384 0.542969 0.0545131 0.101383 0.69975
0 0.70308 0.0701037 0.0399729 0.0699157 0.640614
0 0.685276 0.120086 0.0479445 0.0601657 0.619665
1 0.652663 0.406907 0.0803188 0.106523 0.604797
0 0.585445 0.129834 0.0724657 0.0868657 0.560062
0 0.652571 0.407931 0.0816754 0.105901 0.528234
1 0.614712 0.48271 0.0612589 0.0570878 0.491009
1 0.627191 0.435003 0.0462687 0.0810408 0.485632
0 0.590218 0.0382613 0.0461592 0.0585927 0.343564
0 0.497747 0.165538 0.0462152 0.0405403 0.334392
1 0.576893 0.394895 0.0625114 0.148175 0.820227
1 0.52685 0.392215 0.0642516 0.107784 0.818173
0 0.515384 0.542969 0.0545131 0.101383 0.69975
0 0.70308 0.0701037 0.0399729 0.0699157 0.640614
0 0.685276 0.120086 0.0479445 0.0601657 0.619665
1 0.652663 0.406907 0.0803188 0.106523 0.604797
0 0.585445 0.129834 0.0724657 0.0868657 0.560062
0 0.652571 0.407931 0.0816754 0.105901 0.528234
1 0.614712 0.48271 0.0612589 0.0570878 0.491009
1 0.627191 0.435003 0.0462687 0.0810408 0.485632
0 0.590218 0.0382613 0.0461592 0.0585927 0.343564
0 0.497747 0.165538 0.0462152 0.0405403 0.334392
