4 0.483827 0.6624 0.646938 0.670434 0.873048
4 0.868468 0.306228 0.263065 0.399631 0.726198
4 0.946947 0.746511 0.106105 0.446996 0.688173
4 0.48969 0.666613 0.65068 0.666774 0.852278
4 0.869217 0.300853 0.261338 0.396302 0.721558
4 0.947206 0.745698 0.105587 0.448803 0.689564
4 0.48969 0.666613 0.65068 0.666774 0.852278
4 0.869217 0.300853 0.261338 0.396302 0.721558
4 0.947206 0.745698 0.105587 0.448803 0.689564
4 0.48969 0.666613 0.65068 0.666774 0.852278
4 0.869217 0.300853 0.261338 0.396302 0.721558
4 0.947206 0.745698 0.105587 0.448803 0.689564
