0 0.597228 0.627898 0.0728735 0.0855403 0.759059
0 0.655441 0.890108 0.0771721 0.108976 0.759024
0 0.479781 0.744198 0.0744154 0.131788 0.58663
0 0.331984 0.865938 0.041949 0.0746861 0.435383
0 0.597162 0.627914 0.0726092 0.0847583 0.762477
0 0.655273 0.891009 0.0764454 0.108417 0.754257
0 0.479725 0.744419 0.0744993 0.131782 0.613882
0 0.332049 0.865516 0.0408138 0.0729389 0.472808
0 0.597162 0.627914 0.0726092 0.0847583 0.762477
0 0.655273 0.891009 0.0764454 0.108417 0.754257
0 0.479725 0.744419 0.0744993 0.131782 0.613882
0 0.332049 0.865516 0.0408138 0.0729389 0.472808
0 0.597162 0.627914 0.0726092 0.0847583 0.762477
0 0.655273 0.891009 0.0764454 0.108417 0.754257
0 0.479725 0.744419 0.0744993 0.131782 0.613882
0 0.332049 0.865516 0.0408138 0.0729389 0.472808
