1 0.597152 0.292985 0.0772636 0.086603 0.863853
1 0.715456 0.147465 0.0456657 0.05521 0.851092
1 0.736837 0.251796 0.0365593 0.0630817 0.847767
1 0.709568 0.297067 0.051545 0.0936879 0.838454
1 0.48434 0.289077 0.0390519 0.0630207 0.831184
1 0.560759 0.334006 0.0498122 0.0859848 0.823936
1 0.483106 0.351946 0.0685431 0.0647658 0.797131
1 0.500371 0.59362 0.068713 0.0790706 0.793836
1 0.667808 0.853196 0.0626948 0.0805724 0.7871
1 0.518502 0.252151 0.0513753 0.0646656 0.773531
1 0.718134 0.114588 0.0483858 0.0370238 0.732755
1 0.626087 0.397561 0.0294611 0.0415218 0.719789
1 0.615628 0.463884 0.0297739 0.0510306 0.697513
1 0.666165 0.128644 0.0225474 0.0348988 0.547818
0 0.567112 0.417557 0.0251896 0.0233313 0.445139
0 0.968723 0.339777 0.024316 0.0464388 0.425194
0 0.568556 0.438623 0.024463 0.0301682 0.352037
1 0.597157 0.293118 0.0770383 0.0863919 0.863313
1 0.715489 0.147267 0.0453876 0.0547918 0.852022
1 0.736785 0.25174 0.0363062 0.0630677 0.84678
1 0.709564 0.296969 0.0509622 0.0931943 0.83639
1 0.484339 0.28915 0.038888 0.0633226 0.82802
1 0.560773 0.334071 0.049581 0.0856635 0.821619
1 0.667936 0.853215 0.0625596 0.080627 0.798787
1 0.500389 0.593678 0.0686692 0.0782574 0.798137
1 0.483326 0.351912 0.0678785 0.0640093 0.797979
1 0.518412 0.251921 0.0512271 0.0643454 0.776389
1 0.71806 0.114542 0.0479479 0.0362922 0.722306
1 0.626121 0.397591 0.0294541 0.0414323 0.699624
1 0.615672 0.463874 0.029726 0.0508986 0.663147
1 0.666226 0.128717 0.0220364 0.0339193 0.489005
0 0.968655 0.339731 0.0242317 0.0464817 0.448089
0 0.567106 0.417569 0.0250782 0.0228767 0.427125
0 0.568538 0.43866 0.0243288 0.0299025 0.351122
1 0.597157 0.293118 0.0770383 0.0863919 0.863313
1 0.715489 0.147267 0.0453876 0.0547918 0.852022
1 0.736785 0.25174 0.0363062 0.0630677 0.84678
1 0.709564 0.296969 0.0509622 0.0931943 0.83639
1 0.484339 0.28915 0.038888 0.0633226 0.82802
1 0.560773 0.334071 0.049581 0.0856635 0.821619
1 0.667936 0.853215 0.0625596 0.080627 0.798787
1 0.500389 0.593678 0.0686692 0.0782574 0.798137
1 0.483326 0.351912 0.0678785 0.0640093 0.797979
1 0.518412 0.251921 0.0512271 0.0643454 0.776389
1 0.71806 0.114542 0.0479479 0.0362922 0.722306
1 0.626121 0.397591 0.0294541 0.0414323 0.699624
1 0.615672 0.463874 0.029726 0.0508986 0.663147
1 0.666226 0.128717 0.0220364 0.0339193 0.489005
0 0.968655 0.339731 0.0242317 0.0464817 0.448089
0 0.567106 0.417569 0.0250782 0.0228767 0.427125
0 0.568538 0.43866 0.0243288 0.0299025 0.351122
1 0.597157 0.293118 0.0770383 0.0863919 0.863313
1 0.715489 0.147267 0.0453876 0.0547918 0.852022
1 0.736785 0.25174 0.0363062 0.0630677 0.84678
1 0.709564 0.296969 0.0509622 0.0931943 0.83639
1 0.484339 0.28915 0.038888 0.0633226 0.82802
1 0.560773 0.334071 0.049581 0.0856635 0.821619
1 0.667936 0.853215 0.0625596 0.080627 0.798787
1 0.500389 0.593678 0.0686692 0.0782574 0.798137
1 0.483326 0.351912 0.0678785 0.0640093 0.797979
1 0.518412 0.251921 0.0512271 0.0643454 0.776389
1 0.71806 0.114542 0.0479479 0.0362922 0.722306
1 0.626121 0.397591 0.0294541 0.0414323 0.699624
1 0.615672 0.463874 0.029726 0.0508986 0.663147
1 0.666226 0.128717 0.0220364 0.0339193 0.489005
0 0.968655 0.339731 0.0242317 0.0464817 0.448089
0 0.567106 0.417569 0.0250782 0.0228767 0.427125
0 0.568538 0.43866 0.0243288 0.0299025 0.351122
