1 0.344101 0.670013 0.0681624 0.101809 0.838495
1 0.265276 0.172032 0.0757385 0.0715776 0.829893
1 0.399897 0.625282 0.066638 0.0694327 0.821563
1 0.400366 0.625549 0.0680352 0.0718285 0.84208
1 0.344045 0.669725 0.068765 0.102237 0.83976
1 0.26529 0.172013 0.0756749 0.072122 0.827
1 0.400366 0.625549 0.0680352 0.0718285 0.84208
1 0.344045 0.669725 0.068765 0.102237 0.83976
1 0.26529 0.172013 0.0756749 0.072122 0.827
1 0.400366 0.625549 0.0680352 0.0718285 0.84208
1 0.344045 0.669725 0.068765 0.102237 0.83976
1 0.26529 0.172013 0.0756749 0.072122 0.827
