1 0.649932 0.826246 0.0858748 0.147703 0.834652
1 0.480343 0.305484 0.0674515 0.137444 0.831128
1 0.611569 0.134672 0.127497 0.163139 0.792819
0 0.621834 0.268213 0.0602746 0.0766288 0.773165
1 0.64464 0.729006 0.0838582 0.128496 0.741425
1 0.415733 0.0521289 0.0968224 0.103467 0.711945
1 0.491805 0.724891 0.0582682 0.107693 0.711674
1 0.759537 0.41579 0.0191593 0.0387014 0.638202
1 0.79735 0.367006 0.0195 0.0383102 0.56816
1 0.715892 0.506515 0.0220374 0.0292693 0.556001
1 0.734444 0.466718 0.0176702 0.0287491 0.542626
1 0.751344 0.482916 0.0166626 0.0295547 0.459076
1 0.649872 0.825778 0.085126 0.146845 0.840245
1 0.48029 0.305281 0.0673577 0.138385 0.823517
1 0.61116 0.134582 0.128253 0.161842 0.793555
0 0.621941 0.268396 0.0600229 0.076028 0.775051
1 0.64461 0.729458 0.0827684 0.127268 0.750598
1 0.491629 0.725059 0.0583708 0.107113 0.710908
1 0.416416 0.0520808 0.0973795 0.104093 0.664875
1 0.759502 0.415687 0.0191614 0.0385993 0.647518
1 0.716009 0.506396 0.0218197 0.0288452 0.546595
1 0.797325 0.367014 0.0195335 0.0385295 0.546216
1 0.734462 0.466689 0.0176167 0.0287638 0.538099
1 0.751371 0.482873 0.0166206 0.0295349 0.455798
1 0.649872 0.825778 0.085126 0.146845 0.840245
1 0.48029 0.305281 0.0673577 0.138385 0.823517
1 0.61116 0.134582 0.128253 0.161842 0.793555
0 0.621941 0.268396 0.0600229 0.076028 0.775051
1 0.64461 0.729458 0.0827684 0.127268 0.750598
1 0.491629 0.725059 0.0583708 0.107113 0.710908
1 0.416416 0.0520808 0.0973795 0.104093 0.664875
1 0.759502 0.415687 0.0191614 0.0385993 0.647518
1 0.716009 0.506396 0.0218197 0.0288452 0.546595
1 0.797325 0.367014 0.0195335 0.0385295 0.546216
1 0.734462 0.466689 0.0176167 0.0287638 0.538099
1 0.751371 0.482873 0.0166206 0.0295349 0.455798
1 0.649872 0.825778 0.085126 0.146845 0.840245
1 0.48029 0.305281 0.0673577 0.138385 0.823517
1 0.61116 0.134582 0.128253 0.161842 0.793555
0 0.621941 0.268396 0.0600229 0.076028 0.775051
1 0.64461 0.729458 0.0827684 0.127268 0.750598
1 0.491629 0.725059 0.0583708 0.107113 0.710908
1 0.416416 0.0520808 0.0973795 0.104093 0.664875
1 0.759502 0.415687 0.0191614 0.0385993 0.647518
1 0.716009 0.506396 0.0218197 0.0288452 0.546595
1 0.797325 0.367014 0.0195335 0.0385295 0.546216
1 0.734462 0.466689 0.0176167 0.0287638 0.538099
1 0.751371 0.482873 0.0166206 0.0295349 0.455798
