1 0.372838 0.537017 0.024169 0.0406971 0.792895
1 0.311148 0.497093 0.0229182 0.0569189 0.78914
1 0.32638 0.499292 0.0209867 0.0544154 0.772235
1 0.403834 0.511232 0.0362143 0.0330507 0.736092
1 0.415644 0.466714 0.0334898 0.0377087 0.709306
1 0.208578 0.440266 0.0240954 0.0410467 0.69454
1 0.680942 0.486135 0.0206949 0.0417556 0.607177
1 0.373015 0.555276 0.0232924 0.0306834 0.557291
1 0.666343 0.460567 0.0223568 0.0435533 0.51482
0 0.942762 0.149145 0.0280239 0.0529779 0.509832
1 0.848215 0.428626 0.0279928 0.0534685 0.499811
0 0.983172 0.169405 0.0335402 0.0695468 0.461164
1 0.571187 0.500593 0.0182323 0.0299889 0.441027
1 0.557539 0.497494 0.0157784 0.0329644 0.436312
1 0.676079 0.224024 0.0249605 0.036046 0.426839
1 0.713105 0.44717 0.0188309 0.0343619 0.416838
0 0.44564 0.709328 0.0299433 0.0403074 0.415466
1 0.406398 0.486815 0.0264954 0.0238816 0.397835
1 0.445601 0.709249 0.0307873 0.0417067 0.362831
1 0.702491 0.444365 0.0157831 0.0311768 0.346206
0 0.75151 0.0653735 0.0343189 0.0400386 0.340912
1 0.656461 0.473434 0.0184928 0.0409823 0.311175
1 0.311141 0.497073 0.0230191 0.0567733 0.793528
1 0.372829 0.537079 0.0242669 0.0406824 0.792262
1 0.326424 0.49923 0.0209563 0.0541431 0.771061
1 0.403817 0.511223 0.0362684 0.0330261 0.732046
1 0.208595 0.440339 0.0241193 0.0408757 0.710956
1 0.41567 0.466708 0.0337589 0.0379796 0.669875
1 0.680946 0.486054 0.0206763 0.0413265 0.62654
1 0.373027 0.554586 0.0234508 0.0317535 0.539218
1 0.666346 0.460544 0.0225487 0.0436977 0.534133
1 0.848267 0.428716 0.0281965 0.0543971 0.522767
0 0.942751 0.14923 0.0278469 0.0530249 0.499949
0 0.445628 0.709244 0.0297773 0.0398839 0.482813
1 0.571152 0.500525 0.0178837 0.0293034 0.45231
1 0.676123 0.223709 0.0242718 0.0350216 0.4514
1 0.557591 0.497498 0.0156181 0.0323626 0.438222
0 0.983173 0.169519 0.0335632 0.0694156 0.43305
1 0.713126 0.447216 0.018689 0.0341945 0.404873
1 0.406432 0.486818 0.0267886 0.0238212 0.373866
0 0.751079 0.0649352 0.0327026 0.0393748 0.366336
1 0.702491 0.444333 0.0156977 0.030888 0.341264
1 0.656429 0.473125 0.0183527 0.0412149 0.317975
1 0.311141 0.497073 0.0230191 0.0567733 0.793528
1 0.372829 0.537079 0.0242669 0.0406824 0.792262
1 0.326424 0.49923 0.0209563 0.0541431 0.771061
1 0.403817 0.511223 0.0362684 0.0330261 0.732046
1 0.208595 0.440339 0.0241193 0.0408757 0.710956
1 0.41567 0.466708 0.0337589 0.0379796 0.669875
1 0.680946 0.486054 0.0206763 0.0413265 0.62654
1 0.373027 0.554586 0.0234508 0.0317535 0.539218
1 0.666346 0.460544 0.0225487 0.0436977 0.534133
1 0.848267 0.428716 0.0281965 0.0543971 0.522767
0 0.942751 0.14923 0.0278469 0.0530249 0.499949
0 0.445628 0.709244 0.0297773 0.0398839 0.482813
1 0.571152 0.500525 0.0178837 0.0293034 0.45231
1 0.676123 0.223709 0.0242718 0.0350216 0.4514
1 0.557591 0.497498 0.0156181 0.0323626 0.438222
0 0.983173 0.169519 0.0335632 0.0694156 0.43305
1 0.713126 0.447216 0.018689 0.0341945 0.404873
1 0.406432 0.486818 0.0267886 0.0238212 0.373866
0 0.751079 0.0649352 0.0327026 0.0393748 0.366336
1 0.702491 0.444333 0.0156977 0.030888 0.341264
1 0.656429 0.473125 0.0183527 0.0412149 0.317975
1 0.311141 0.497073 0.0230191 0.0567733 0.793528
1 0.372829 0.537079 0.0242669 0.0406824 0.792262
1 0.326424 0.49923 0.0209563 0.0541431 0.771061
1 0.403817 0.511223 0.0362684 0.0330261 0.732046
1 0.208595 0.440339 0.0241193 0.0408757 0.710956
1 0.41567 0.466708 0.0337589 0.0379796 0.669875
1 0.680946 0.486054 0.0206763 0.0413265 0.62654
1 0.373027 0.554586 0.0234508 0.0317535 0.539218
1 0.666346 0.460544 0.0225487 0.0436977 0.534133
1 0.848267 0.428716 0.0281965 0.0543971 0.522767
0 0.942751 0.14923 0.0278469 0.0530249 0.499949
0 0.445628 0.709244 0.0297773 0.0398839 0.482813
1 0.571152 0.500525 0.0178837 0.0293034 0.45231
1 0.676123 0.223709 0.0242718 0.0350216 0.4514
1 0.557591 0.497498 0.0156181 0.0323626 0.438222
0 0.983173 0.169519 0.0335632 0.0694156 0.43305
1 0.713126 0.447216 0.018689 0.0341945 0.404873
1 0.406432 0.486818 0.0267886 0.0238212 0.373866
0 0.751079 0.0649352 0.0327026 0.0393748 0.366336
1 0.702491 0.444333 0.0156977 0.030888 0.341264
1 0.656429 0.473125 0.0183527 0.0412149 0.317975
