1 0.428775 0.148202 0.0753985 0.133571 0.858001
1 0.497616 0.0469917 0.0880986 0.0651298 0.822697
1 0.417524 0.0547146 0.0782618 0.100852 0.816353
1 0.499775 0.115957 0.0837914 0.0907408 0.801911
1 0.541281 0.47897 0.047127 0.0751694 0.783067
0 0.607133 0.545439 0.0304893 0.081381 0.687489
0 0.62756 0.482231 0.024296 0.0632321 0.674287
0 0.818276 0.156769 0.0360943 0.0553402 0.36066
1 0.429299 0.148164 0.0743857 0.134063 0.857841
1 0.498476 0.0458934 0.0903585 0.066073 0.822449
1 0.41742 0.0548771 0.0794029 0.102582 0.79115
1 0.54119 0.478968 0.0472347 0.074787 0.787027
1 0.500438 0.116213 0.0877096 0.0911028 0.779097
0 0.607098 0.545149 0.0313806 0.0824759 0.672679
0 0.627501 0.482403 0.0245134 0.0636916 0.667685
0 0.818269 0.156536 0.0359074 0.0555561 0.38673
1 0.429299 0.148164 0.0743857 0.134063 0.857841
1 0.498476 0.0458934 0.0903585 0.066073 0.822449
1 0.41742 0.0548771 0.0794029 0.102582 0.79115
1 0.54119 0.478968 0.0472347 0.074787 0.787027
1 0.500438 0.116213 0.0877096 0.0911028 0.779097
0 0.607098 0.545149 0.0313806 0.0824759 0.672679
0 0.627501 0.482403 0.0245134 0.0636916 0.667685
0 0.818269 0.156536 0.0359074 0.0555561 0.38673
1 0.429299 0.148164 0.0743857 0.134063 0.857841
1 0.498476 0.0458934 0.0903585 0.066073 0.822449
1 0.41742 0.0548771 0.0794029 0.102582 0.79115
1 0.54119 0.478968 0.0472347 0.074787 0.787027
1 0.500438 0.116213 0.0877096 0.0911028 0.779097
0 0.607098 0.545149 0.0313806 0.0824759 0.672679
0 0.627501 0.482403 0.0245134 0.0636916 0.667685
0 0.818269 0.156536 0.0359074 0.0555561 0.38673
