4 0.34155 0.0847491 0.213177 0.169498 0.848879
4 0.354627 0.655648 0.702258 0.683201 0.791479
4 0.776064 0.191247 0.434702 0.382493 0.568722
4 0.178193 0.33094 0.356385 0.383318 0.544396
4 0.867062 0.617421 0.265803 0.685738 0.458831
4 0.505442 0.276714 0.181998 0.212056 0.334763
4 0.341465 0.084683 0.213827 0.169366 0.842973
4 0.362878 0.660243 0.725756 0.675206 0.79627
4 0.787433 0.187097 0.406492 0.372755 0.603314
4 0.179739 0.311525 0.359478 0.408319 0.557511
4 0.866167 0.604208 0.267496 0.676029 0.484005
4 0.505022 0.277129 0.182553 0.21133 0.357592
4 0.772728 0.06755 0.372597 0.134615 0.261088
4 0.341465 0.084683 0.213827 0.169366 0.842973
4 0.362878 0.660243 0.725756 0.675206 0.79627
4 0.787433 0.187097 0.406492 0.372755 0.603314
4 0.179739 0.311525 0.359478 0.408319 0.557511
4 0.866167 0.604208 0.267496 0.676029 0.484005
4 0.505022 0.277129 0.182553 0.21133 0.357592
4 0.772728 0.06755 0.372597 0.134615 0.261088
4 0.341465 0.084683 0.213827 0.169366 0.842973
4 0.362878 0.660243 0.725756 0.675206 0.79627
4 0.787433 0.187097 0.406492 0.372755 0.603314
4 0.179739 0.311525 0.359478 0.408319 0.557511
4 0.866167 0.604208 0.267496 0.676029 0.484005
4 0.505022 0.277129 0.182553 0.21133 0.357592
4 0.772728 0.06755 0.372597 0.134615 0.261088
