1 0.488739 0.960387 0.0883284 0.0781981 0.834569
1 0.420304 0.573474 0.0986689 0.162785 0.781745
1 0.526558 0.858459 0.0637662 0.130706 0.738276
1 0.470045 0.263233 0.0896344 0.122045 0.736006
1 0.488713 0.96035 0.0885521 0.0789048 0.834018
1 0.420594 0.573419 0.0988892 0.162612 0.776428
1 0.526506 0.858586 0.0636191 0.131263 0.752778
1 0.469828 0.26309 0.0906319 0.121668 0.713441
1 0.488713 0.96035 0.0885521 0.0789048 0.834018
1 0.420594 0.573419 0.0988892 0.162612 0.776428
1 0.526506 0.858586 0.0636191 0.131263 0.752778
1 0.469828 0.26309 0.0906319 0.121668 0.713441
1 0.488713 0.96035 0.0885521 0.0789048 0.834018
1 0.420594 0.573419 0.0988892 0.162612 0.776428
1 0.526506 0.858586 0.0636191 0.131263 0.752778
1 0.469828 0.26309 0.0906319 0.121668 0.713441
