1 0.186745 0.638314 0.0594389 0.0884651 0.86384
2 0.152652 0.578515 0.043197 0.0716489 0.859722
1 0.605205 0.328885 0.0577716 0.0655715 0.857509
1 0.495413 0.339804 0.058835 0.0745542 0.846829
2 0.312545 0.620392 0.062639 0.0548304 0.830574
1 0.345537 0.538956 0.0306418 0.0364819 0.828857
2 0.259147 0.650526 0.0987901 0.0791075 0.819643
1 0.120988 0.624176 0.0349464 0.0557415 0.818862
1 0.151094 0.672522 0.0570847 0.0574005 0.818098
3 0.214592 0.713352 0.0717952 0.0817093 0.816826
1 0.383303 0.546588 0.0354235 0.0774034 0.816663
1 0.488237 0.065376 0.0538027 0.0519819 0.803213
3 0.222278 0.57337 0.0500614 0.089705 0.796207
1 0.263134 0.533066 0.0461831 0.0386977 0.791294
2 0.162736 0.515734 0.0743871 0.0521524 0.778585
0 0.55273 0.30901 0.0234245 0.0497611 0.770136
1 0.505708 0.467447 0.0403526 0.0601207 0.767833
1 0.275436 0.579224 0.0591638 0.0494047 0.764607
2 0.345476 0.576778 0.0833551 0.0613605 0.72402
1 0.380895 0.639737 0.0462337 0.07898 0.711619
0 0.516759 0.042669 0.0306978 0.0438054 0.689121
1 0.148962 0.627097 0.0248673 0.0434448 0.686805
2 0.411296 0.554941 0.0249307 0.0430552 0.663155
2 0.41144 0.599495 0.0440616 0.0567891 0.648824
0 0.515223 0.275339 0.034529 0.0650458 0.613549
3 0.332518 0.523313 0.0426264 0.0379405 0.569435
0 0.590943 0.268171 0.0380983 0.0368945 0.5225
3 0.187545 0.543685 0.0338523 0.0448794 0.490146
1 0.411494 0.599344 0.0435299 0.0574754 0.484349
1 0.563379 0.224817 0.0332472 0.0526038 0.482586
0 0.602756 0.415158 0.041469 0.0410925 0.467558
2 0.290737 0.526199 0.0247698 0.031271 0.453638
0 0.563361 0.22458 0.0326078 0.0536158 0.446766
1 0.602644 0.41473 0.0402618 0.0427359 0.43669
0 0.498085 0.208816 0.037542 0.0248023 0.40145
0 0.509484 0.379611 0.0273945 0.0379688 0.377427
1 0.186743 0.638177 0.0592256 0.0882705 0.860146
2 0.152745 0.578362 0.0430085 0.0714102 0.857244
1 0.605125 0.328884 0.0575781 0.0654689 0.856739
1 0.495437 0.339844 0.0588218 0.0745884 0.846621
1 0.345575 0.539007 0.0307921 0.0363814 0.830404
2 0.312591 0.62046 0.0627666 0.055006 0.828675
1 0.151167 0.672438 0.0566345 0.0566484 0.825452
3 0.214638 0.713364 0.0719885 0.0816627 0.823026
2 0.259216 0.650525 0.0989555 0.0792371 0.822732
1 0.121172 0.624276 0.0345111 0.0552321 0.821252
1 0.383241 0.546349 0.0355299 0.0768604 0.814186
1 0.488236 0.0655128 0.0545353 0.0521307 0.798023
1 0.263143 0.533232 0.0460905 0.0383597 0.790269
3 0.222324 0.573434 0.0501872 0.0894243 0.789614
2 0.162807 0.515764 0.0738138 0.0521655 0.777978
0 0.552727 0.309055 0.0234233 0.0496113 0.772241
1 0.275425 0.579329 0.059086 0.0495645 0.753726
1 0.505808 0.467457 0.0404791 0.0597288 0.738483
2 0.345468 0.57691 0.0824187 0.0601957 0.735615
0 0.516735 0.0425313 0.030574 0.0435058 0.706933
2 0.41133 0.554863 0.0248991 0.0429993 0.686345
1 0.380817 0.639526 0.0464236 0.0787243 0.673326
1 0.148986 0.627023 0.0247788 0.0434768 0.668901
2 0.4114 0.599587 0.0441531 0.0567254 0.664405
0 0.515227 0.275418 0.0341063 0.0647524 0.623818
3 0.332528 0.523272 0.0425902 0.0379172 0.556474
0 0.590926 0.268162 0.0378253 0.036609 0.524641
0 0.563409 0.224534 0.0327013 0.0536356 0.498898
3 0.187516 0.543698 0.0337456 0.0446635 0.486628
0 0.602734 0.415242 0.0414099 0.040871 0.484634
1 0.411481 0.599505 0.0436135 0.0575106 0.473501
2 0.290794 0.526303 0.0246908 0.0311937 0.455388
1 0.563403 0.224741 0.0333279 0.0527463 0.446334
1 0.60263 0.41483 0.0402696 0.0425955 0.422739
0 0.498274 0.208782 0.037187 0.0249146 0.415254
0 0.509689 0.379586 0.0271059 0.0373314 0.405437
1 0.514254 0.275519 0.0323002 0.0624965 0.2985
1 0.33253 0.520182 0.044217 0.0337283 0.252392
1 0.186743 0.638177 0.0592256 0.0882705 0.860146
2 0.152745 0.578362 0.0430085 0.0714102 0.857244
1 0.605125 0.328884 0.0575781 0.0654689 0.856739
1 0.495437 0.339844 0.0588218 0.0745884 0.846621
1 0.345575 0.539007 0.0307921 0.0363814 0.830404
2 0.312591 0.62046 0.0627666 0.055006 0.828675
1 0.151167 0.672438 0.0566345 0.0566484 0.825452
3 0.214638 0.713364 0.0719885 0.0816627 0.823026
2 0.259216 0.650525 0.0989555 0.0792371 0.822732
1 0.121172 0.624276 0.0345111 0.0552321 0.821252
1 0.383241 0.546349 0.0355299 0.0768604 0.814186
1 0.488236 0.0655128 0.0545353 0.0521307 0.798023
1 0.263143 0.533232 0.0460905 0.0383597 0.790269
3 0.222324 0.573434 0.0501872 0.0894243 0.789614
2 0.162807 0.515764 0.0738138 0.0521655 0.777978
0 0.552727 0.309055 0.0234233 0.0496113 0.772241
1 0.275425 0.579329 0.059086 0.0495645 0.753726
1 0.505808 0.467457 0.0404791 0.0597288 0.738483
2 0.345468 0.57691 0.0824187 0.0601957 0.735615
0 0.516735 0.0425313 0.030574 0.0435058 0.706933
2 0.41133 0.554863 0.0248991 0.0429993 0.686345
1 0.380817 0.639526 0.0464236 0.0787243 0.673326
1 0.148986 0.627023 0.0247788 0.0434768 0.668901
2 0.4114 0.599587 0.0441531 0.0567254 0.664405
0 0.515227 0.275418 0.0341063 0.0647524 0.623818
3 0.332528 0.523272 0.0425902 0.0379172 0.556474
0 0.590926 0.268162 0.0378253 0.036609 0.524641
0 0.563409 0.224534 0.0327013 0.0536356 0.498898
3 0.187516 0.543698 0.0337456 0.0446635 0.486628
0 0.602734 0.415242 0.0414099 0.040871 0.484634
1 0.411481 0.599505 0.0436135 0.0575106 0.473501
2 0.290794 0.526303 0.0246908 0.0311937 0.455388
1 0.563403 0.224741 0.0333279 0.0527463 0.446334
1 0.60263 0.41483 0.0402696 0.0425955 0.422739
0 0.498274 0.208782 0.037187 0.0249146 0.415254
0 0.509689 0.379586 0.0271059 0.0373314 0.405437
1 0.514254 0.275519 0.0323002 0.0624965 0.2985
1 0.33253 0.520182 0.044217 0.0337283 0.252392
1 0.186743 0.638177 0.0592256 0.0882705 0.860146
2 0.152745 0.578362 0.0430085 0.0714102 0.857244
1 0.605125 0.328884 0.0575781 0.0654689 0.856739
1 0.495437 0.339844 0.0588218 0.0745884 0.846621
1 0.345575 0.539007 0.0307921 0.0363814 0.830404
2 0.312591 0.62046 0.0627666 0.055006 0.828675
1 0.151167 0.672438 0.0566345 0.0566484 0.825452
3 0.214638 0.713364 0.0719885 0.0816627 0.823026
2 0.259216 0.650525 0.0989555 0.0792371 0.822732
1 0.121172 0.624276 0.0345111 0.0552321 0.821252
1 0.383241 0.546349 0.0355299 0.0768604 0.814186
1 0.488236 0.0655128 0.0545353 0.0521307 0.798023
1 0.263143 0.533232 0.0460905 0.0383597 0.790269
3 0.222324 0.573434 0.0501872 0.0894243 0.789614
2 0.162807 0.515764 0.0738138 0.0521655 0.777978
0 0.552727 0.309055 0.0234233 0.0496113 0.772241
1 0.275425 0.579329 0.059086 0.0495645 0.753726
1 0.505808 0.467457 0.0404791 0.0597288 0.738483
2 0.345468 0.57691 0.0824187 0.0601957 0.735615
0 0.516735 0.0425313 0.030574 0.0435058 0.706933
2 0.41133 0.554863 0.0248991 0.0429993 0.686345
1 0.380817 0.639526 0.0464236 0.0787243 0.673326
1 0.148986 0.627023 0.0247788 0.0434768 0.668901
2 0.4114 0.599587 0.0441531 0.0567254 0.664405
0 0.515227 0.275418 0.0341063 0.0647524 0.623818
3 0.332528 0.523272 0.0425902 0.0379172 0.556474
0 0.590926 0.268162 0.0378253 0.036609 0.524641
0 0.563409 0.224534 0.0327013 0.0536356 0.498898
3 0.187516 0.543698 0.0337456 0.0446635 0.486628
0 0.602734 0.415242 0.0414099 0.040871 0.484634
1 0.411481 0.599505 0.0436135 0.0575106 0.473501
2 0.290794 0.526303 0.0246908 0.0311937 0.455388
1 0.563403 0.224741 0.0333279 0.0527463 0.446334
1 0.60263 0.41483 0.0402696 0.0425955 0.422739
0 0.498274 0.208782 0.037187 0.0249146 0.415254
0 0.509689 0.379586 0.0271059 0.0373314 0.405437
1 0.514254 0.275519 0.0323002 0.0624965 0.2985
1 0.33253 0.520182 0.044217 0.0337283 0.252392
