1 0.288262 0.695154 0.210707 0.141393 0.859969
2 0.480212 0.713283 0.174492 0.168869 0.824617
1 0.509253 0.648916 0.105434 0.113527 0.799415
1 0.460124 0.499748 0.101634 0.18739 0.795782
2 0.551106 0.836496 0.153929 0.191063 0.766136
1 0.661308 0.436521 0.0500362 0.0649692 0.762772
1 0.656876 0.747294 0.044761 0.061689 0.75721
1 0.553888 0.224144 0.0431165 0.0636785 0.755086
2 0.164228 0.276736 0.167619 0.187971 0.743578
2 0.749478 0.83441 0.0489519 0.0426247 0.739298
1 0.65596 0.36483 0.039232 0.0511623 0.68622
3 0.736554 0.635733 0.0394454 0.0503698 0.66657
1 0.636118 0.276311 0.0429062 0.0569656 0.653633
3 0.776379 0.211543 0.0300626 0.036659 0.573369
1 0.705623 0.35233 0.0316764 0.0432612 0.549376
1 0.735096 0.789252 0.0273123 0.0522253 0.536092
1 0.138731 0.702794 0.0411737 0.0482269 0.520628
1 0.577204 0.242121 0.0292961 0.0377045 0.487227
1 0.766769 0.601343 0.0279673 0.0276869 0.429792
1 0.0635702 0.671092 0.0354801 0.0408056 0.375085
2 0.765932 0.896259 0.111631 0.0926273 0.371858
1 0.288224 0.695161 0.21077 0.141526 0.859225
2 0.48023 0.713292 0.174517 0.168877 0.824575
1 0.509233 0.648887 0.105394 0.113561 0.799179
1 0.460122 0.49976 0.101651 0.187424 0.795313
2 0.551935 0.836384 0.155363 0.186685 0.764626
1 0.661305 0.436503 0.0500123 0.0649504 0.763609
1 0.656887 0.747298 0.044664 0.0616434 0.759244
1 0.553891 0.224123 0.04307 0.0635906 0.755998
2 0.164282 0.276866 0.167731 0.188341 0.745114
2 0.749458 0.83444 0.0488299 0.0425739 0.744083
1 0.655985 0.364789 0.0392007 0.0510606 0.689908
3 0.736587 0.635715 0.0395069 0.0503873 0.669872
1 0.636145 0.276281 0.0428589 0.0568383 0.659101
3 0.776397 0.211521 0.0300787 0.0366524 0.57799
1 0.705614 0.35231 0.0316171 0.0431862 0.556939
1 0.73508 0.789263 0.0272509 0.0521878 0.537055
1 0.138746 0.702808 0.0413305 0.0484924 0.513422
1 0.577201 0.242105 0.0291987 0.0376244 0.489363
1 0.766783 0.601352 0.0280209 0.0277184 0.443899
1 0.0636046 0.671121 0.0353947 0.0408153 0.428995
2 0.765884 0.896277 0.111559 0.0927342 0.426168
1 0.288224 0.695161 0.21077 0.141526 0.859225
2 0.48023 0.713292 0.174517 0.168877 0.824575
1 0.509233 0.648887 0.105394 0.113561 0.799179
1 0.460122 0.49976 0.101651 0.187424 0.795313
2 0.551935 0.836384 0.155363 0.186685 0.764626
1 0.661305 0.436503 0.0500123 0.0649504 0.763609
1 0.656887 0.747298 0.044664 0.0616434 0.759244
1 0.553891 0.224123 0.04307 0.0635906 0.755998
2 0.164282 0.276866 0.167731 0.188341 0.745114
2 0.749458 0.83444 0.0488299 0.0425739 0.744083
1 0.655985 0.364789 0.0392007 0.0510606 0.689908
3 0.736587 0.635715 0.0395069 0.0503873 0.669872
1 0.636145 0.276281 0.0428589 0.0568383 0.659101
3 0.776397 0.211521 0.0300787 0.0366524 0.57799
1 0.705614 0.35231 0.0316171 0.0431862 0.556939
1 0.73508 0.789263 0.0272509 0.0521878 0.537055
1 0.138746 0.702808 0.0413305 0.0484924 0.513422
1 0.577201 0.242105 0.0291987 0.0376244 0.489363
1 0.766783 0.601352 0.0280209 0.0277184 0.443899
1 0.0636046 0.671121 0.0353947 0.0408153 0.428995
2 0.765884 0.896277 0.111559 0.0927342 0.426168
1 0.288224 0.695161 0.21077 0.141526 0.859225
2 0.48023 0.713292 0.174517 0.168877 0.824575
1 0.509233 0.648887 0.105394 0.113561 0.799179
1 0.460122 0.49976 0.101651 0.187424 0.795313
2 0.551935 0.836384 0.155363 0.186685 0.764626
1 0.661305 0.436503 0.0500123 0.0649504 0.763609
1 0.656887 0.747298 0.044664 0.0616434 0.759244
1 0.553891 0.224123 0.04307 0.0635906 0.755998
2 0.164282 0.276866 0.167731 0.188341 0.745114
2 0.749458 0.83444 0.0488299 0.0425739 0.744083
1 0.655985 0.364789 0.0392007 0.0510606 0.689908
3 0.736587 0.635715 0.0395069 0.0503873 0.669872
1 0.636145 0.276281 0.0428589 0.0568383 0.659101
3 0.776397 0.211521 0.0300787 0.0366524 0.57799
1 0.705614 0.35231 0.0316171 0.0431862 0.556939
1 0.73508 0.789263 0.0272509 0.0521878 0.537055
1 0.138746 0.702808 0.0413305 0.0484924 0.513422
1 0.577201 0.242105 0.0291987 0.0376244 0.489363
1 0.766783 0.601352 0.0280209 0.0277184 0.443899
1 0.0636046 0.671121 0.0353947 0.0408153 0.428995
2 0.765884 0.896277 0.111559 0.0927342 0.426168
