1 0.668175 0.848346 0.0301611 0.0551506 0.762611
1 0.660672 0.943318 0.0411877 0.0594838 0.729532
0 0.481002 0.608518 0.0318496 0.0375484 0.696595
1 0.632428 0.825301 0.0329981 0.0759598 0.6199
0 0.592153 0.948506 0.0271999 0.0359366 0.513465
1 0.592125 0.947762 0.027109 0.0360269 0.512892
4 0.155197 0.516406 0.310394 0.967188 0.44771
4 0.418089 0.431618 0.388326 0.850113 0.364148
1 0.668228 0.848387 0.0299482 0.0547036 0.780428
1 0.660715 0.943388 0.0410651 0.0589562 0.744594
0 0.480977 0.608491 0.0316729 0.0372326 0.717677
1 0.632542 0.825596 0.0328109 0.0750934 0.606082
1 0.592201 0.947848 0.0269405 0.0362624 0.530562
0 0.592237 0.948437 0.0273666 0.0361403 0.46683
4 0.158279 0.513177 0.316558 0.960685 0.298179
1 0.668228 0.848387 0.0299482 0.0547036 0.780428
1 0.660715 0.943388 0.0410651 0.0589562 0.744594
0 0.480977 0.608491 0.0316729 0.0372326 0.717677
1 0.632542 0.825596 0.0328109 0.0750934 0.606082
1 0.592201 0.947848 0.0269405 0.0362624 0.530562
0 0.592237 0.948437 0.0273666 0.0361403 0.46683
4 0.158279 0.513177 0.316558 0.960685 0.298179
1 0.668228 0.848387 0.0299482 0.0547036 0.780428
1 0.660715 0.943388 0.0410651 0.0589562 0.744594
0 0.480977 0.608491 0.0316729 0.0372326 0.717677
1 0.632542 0.825596 0.0328109 0.0750934 0.606082
1 0.592201 0.947848 0.0269405 0.0362624 0.530562
0 0.592237 0.948437 0.0273666 0.0361403 0.46683
4 0.158279 0.513177 0.316558 0.960685 0.298179
