1 0.600664 0.760881 0.0515633 0.0910038 0.859941
1 0.855273 0.611358 0.0469025 0.0913656 0.856444
1 0.201301 0.445617 0.0549425 0.0957073 0.807132
1 0.768141 0.464458 0.052058 0.0823526 0.799042
3 0.613728 0.244183 0.042788 0.0792039 0.793545
1 0.570647 0.290958 0.0358676 0.072156 0.792627
1 0.385335 0.54807 0.0450487 0.0823484 0.788251
1 0.764921 0.791718 0.0460518 0.0895683 0.781833
1 0.587912 0.703291 0.0490566 0.0605896 0.748757
1 0.968756 0.533985 0.0365875 0.0728184 0.722703
1 0.896695 0.582488 0.0358246 0.0603816 0.515017
1 0.122946 0.620963 0.0188613 0.0252742 0.492798
2 0.311113 0.544415 0.018467 0.0282299 0.485923
2 0.0684414 0.729236 0.018263 0.0323905 0.469196
0 0.896381 0.582586 0.0366722 0.0593877 0.427145
1 0.460516 0.731891 0.0179659 0.0299779 0.383729
1 0.186859 0.560873 0.0200514 0.0345043 0.361788
0 0.820266 0.645781 0.0203911 0.0434967 0.358617
1 0.043302 0.722976 0.0148013 0.0279499 0.311963
1 0.350159 0.699574 0.0165168 0.0282588 0.307574
1 0.600575 0.761086 0.0519382 0.0910369 0.858391
1 0.855252 0.611095 0.0469377 0.092134 0.851153
1 0.768164 0.464405 0.0519516 0.0826091 0.810158
1 0.201434 0.445863 0.0548892 0.0959923 0.809722
3 0.613656 0.244152 0.0435476 0.0782137 0.793043
1 0.385447 0.547889 0.045171 0.0823953 0.791724
1 0.570665 0.291251 0.0358431 0.0719577 0.789758
1 0.76486 0.791846 0.0456461 0.0890921 0.783994
1 0.587829 0.703329 0.0486857 0.0604946 0.745408
1 0.968731 0.534254 0.0368378 0.0735002 0.740347
1 0.896808 0.582331 0.0358562 0.0610657 0.542233
1 0.12297 0.620979 0.0191134 0.0257168 0.522686
2 0.311127 0.544392 0.0184731 0.0278189 0.494897
2 0.0684431 0.729247 0.0181097 0.0322329 0.489222
1 0.460488 0.732021 0.0180653 0.0299133 0.416978
0 0.896517 0.582442 0.0367564 0.0599642 0.403904
1 0.186861 0.560841 0.0199727 0.0344295 0.401036
1 0.352241 0.633927 0.0213692 0.0320472 0.363278
1 0.350192 0.699562 0.0164093 0.0284274 0.338622
0 0.820246 0.645882 0.020378 0.0437298 0.327757
1 0.0433122 0.72304 0.0146811 0.0279231 0.315339
1 0.343414 0.683869 0.0148664 0.0233428 0.25405
1 0.600575 0.761086 0.0519382 0.0910369 0.858391
1 0.855252 0.611095 0.0469377 0.092134 0.851153
1 0.768164 0.464405 0.0519516 0.0826091 0.810158
1 0.201434 0.445863 0.0548892 0.0959923 0.809722
3 0.613656 0.244152 0.0435476 0.0782137 0.793043
1 0.385447 0.547889 0.045171 0.0823953 0.791724
1 0.570665 0.291251 0.0358431 0.0719577 0.789758
1 0.76486 0.791846 0.0456461 0.0890921 0.783994
1 0.587829 0.703329 0.0486857 0.0604946 0.745408
1 0.968731 0.534254 0.0368378 0.0735002 0.740347
1 0.896808 0.582331 0.0358562 0.0610657 0.542233
1 0.12297 0.620979 0.0191134 0.0257168 0.522686
2 0.311127 0.544392 0.0184731 0.0278189 0.494897
2 0.0684431 0.729247 0.0181097 0.0322329 0.489222
1 0.460488 0.732021 0.0180653 0.0299133 0.416978
0 0.896517 0.582442 0.0367564 0.0599642 0.403904
1 0.186861 0.560841 0.0199727 0.0344295 0.401036
1 0.352241 0.633927 0.0213692 0.0320472 0.363278
1 0.350192 0.699562 0.0164093 0.0284274 0.338622
0 0.820246 0.645882 0.020378 0.0437298 0.327757
1 0.0433122 0.72304 0.0146811 0.0279231 0.315339
1 0.343414 0.683869 0.0148664 0.0233428 0.25405
1 0.600575 0.761086 0.0519382 0.0910369 0.858391
1 0.855252 0.611095 0.0469377 0.092134 0.851153
1 0.768164 0.464405 0.0519516 0.0826091 0.810158
1 0.201434 0.445863 0.0548892 0.0959923 0.809722
3 0.613656 0.244152 0.0435476 0.0782137 0.793043
1 0.385447 0.547889 0.045171 0.0823953 0.791724
1 0.570665 0.291251 0.0358431 0.0719577 0.789758
1 0.76486 0.791846 0.0456461 0.0890921 0.783994
1 0.587829 0.703329 0.0486857 0.0604946 0.745408
1 0.968731 0.534254 0.0368378 0.0735002 0.740347
1 0.896808 0.582331 0.0358562 0.0610657 0.542233
1 0.12297 0.620979 0.0191134 0.0257168 0.522686
2 0.311127 0.544392 0.0184731 0.0278189 0.494897
2 0.0684431 0.729247 0.0181097 0.0322329 0.489222
1 0.460488 0.732021 0.0180653 0.0299133 0.416978
0 0.896517 0.582442 0.0367564 0.0599642 0.403904
1 0.186861 0.560841 0.0199727 0.0344295 0.401036
1 0.352241 0.633927 0.0213692 0.0320472 0.363278
1 0.350192 0.699562 0.0164093 0.0284274 0.338622
0 0.820246 0.645882 0.020378 0.0437298 0.327757
1 0.0433122 0.72304 0.0146811 0.0279231 0.315339
1 0.343414 0.683869 0.0148664 0.0233428 0.25405
