1 0.591513 0.388253 0.0655117 0.153388 0.85134
1 0.539725 0.383173 0.0643604 0.109859 0.832719
1 0.669555 0.400448 0.0810583 0.111967 0.81649
0 0.528676 0.539516 0.0550355 0.103141 0.751635
1 0.62841 0.474075 0.0629932 0.0579505 0.661682
0 0.699758 0.103329 0.0517731 0.06746 0.607206
1 0.642689 0.424529 0.0486572 0.0804132 0.483512
0 0.720332 0.0510984 0.0543347 0.0769095 0.438113
1 0.598626 0.111557 0.0774557 0.0892171 0.41535
0 0.598086 0.111722 0.0768873 0.0904786 0.317777
1 0.591573 0.38858 0.0661885 0.154786 0.84864
1 0.539652 0.382762 0.0649739 0.111988 0.827654
1 0.66989 0.400684 0.0814993 0.112604 0.821102
0 0.528509 0.539006 0.0567827 0.104861 0.761884
1 0.62848 0.475191 0.0646572 0.059201 0.653954
0 0.699925 0.103106 0.0517397 0.0679116 0.601644
0 0.59887 0.111316 0.0789709 0.0905596 0.436305
0 0.721068 0.0515761 0.0545891 0.0782791 0.435181
1 0.642647 0.424305 0.0486462 0.0811923 0.350299
0 0.50984 0.148475 0.0478367 0.0447107 0.28721
0 0.601815 0.022833 0.0426525 0.0448045 0.266457
1 0.35912 0.024891 0.0434202 0.0480383 0.257154
1 0.591573 0.38858 0.0661885 0.154786 0.84864
1 0.539652 0.382762 0.0649739 0.111988 0.827654
1 0.66989 0.400684 0.0814993 0.112604 0.821102
0 0.528509 0.539006 0.0567827 0.104861 0.761884
1 0.62848 0.475191 0.0646572 0.059201 0.653954
0 0.699925 0.103106 0.0517397 0.0679116 0.601644
0 0.59887 0.111316 0.0789709 0.0905596 0.436305
0 0.721068 0.0515761 0.0545891 0.0782791 0.435181
1 0.642647 0.424305 0.0486462 0.0811923 0.350299
0 0.50984 0.148475 0.0478367 0.0447107 0.28721
0 0.601815 0.022833 0.0426525 0.0448045 0.266457
1 0.35912 0.024891 0.0434202 0.0480383 0.257154
1 0.591573 0.38858 0.0661885 0.154786 0.84864
1 0.539652 0.382762 0.0649739 0.111988 0.827654
1 0.66989 0.400684 0.0814993 0.112604 0.821102
0 0.528509 0.539006 0.0567827 0.104861 0.761884
1 0.62848 0.475191 0.0646572 0.059201 0.653954
0 0.699925 0.103106 0.0517397 0.0679116 0.601644
0 0.59887 0.111316 0.0789709 0.0905596 0.436305
0 0.721068 0.0515761 0.0545891 0.0782791 0.435181
1 0.642647 0.424305 0.0486462 0.0811923 0.350299
0 0.50984 0.148475 0.0478367 0.0447107 0.28721
0 0.601815 0.022833 0.0426525 0.0448045 0.266457
1 0.35912 0.024891 0.0434202 0.0480383 0.257154
