3 0.629649 0.195167 0.0294131 0.0368841 0.759273
2 0.670645 0.239271 0.0335542 0.0491661 0.741668
2 0.680072 0.696411 0.0324627 0.0437316 0.725455
1 0.55387 0.773081 0.0265148 0.0370284 0.704717
2 0.70308 0.733427 0.032341 0.0513126 0.702182
2 0.606994 0.339435 0.0260948 0.037363 0.697051
2 0.627465 0.361189 0.0399905 0.0364096 0.696968
2 0.537994 0.284796 0.0380663 0.0616989 0.685952
2 0.616756 0.304824 0.0263806 0.038292 0.679445
2 0.565336 0.866317 0.0324921 0.0544741 0.650888
2 0.46714 0.45523 0.0286987 0.0451486 0.595058
2 0.82514 0.272602 0.0226627 0.0368979 0.555965
2 0.748427 0.343322 0.0205003 0.0296976 0.549782
2 0.993615 0.387302 0.0127708 0.042234 0.49987
2 0.810894 0.294835 0.0230505 0.0317707 0.461395
2 0.758087 0.546634 0.0233455 0.0347081 0.45948
3 0.629629 0.195143 0.0295773 0.037627 0.75522
2 0.670668 0.239329 0.033214 0.0489763 0.741706
2 0.680368 0.69668 0.0327222 0.0434191 0.722872
1 0.553835 0.773025 0.0263598 0.0371623 0.713462
2 0.70301 0.733347 0.0328487 0.051585 0.705896
2 0.62747 0.361241 0.0401325 0.0365251 0.687822
2 0.606994 0.339547 0.0261938 0.0371311 0.687761
2 0.537933 0.284825 0.0381151 0.0623674 0.686373
2 0.616747 0.304806 0.0264449 0.0383436 0.651135
2 0.565409 0.866529 0.0321186 0.0547684 0.648613
2 0.467261 0.455299 0.0284938 0.0450964 0.597027
2 0.748464 0.343443 0.0205289 0.0297536 0.544491
2 0.825117 0.272584 0.0224634 0.0366392 0.543398
2 0.993698 0.387302 0.0126048 0.0425125 0.493425
2 0.810907 0.294839 0.0231913 0.0325441 0.463926
2 0.758154 0.546657 0.0235851 0.0348781 0.459248
3 0.52869 0.796424 0.0157418 0.0263054 0.292038
3 0.629629 0.195143 0.0295773 0.037627 0.75522
2 0.670668 0.239329 0.033214 0.0489763 0.741706
2 0.680368 0.69668 0.0327222 0.0434191 0.722872
1 0.553835 0.773025 0.0263598 0.0371623 0.713462
2 0.70301 0.733347 0.0328487 0.051585 0.705896
2 0.62747 0.361241 0.0401325 0.0365251 0.687822
2 0.606994 0.339547 0.0261938 0.0371311 0.687761
2 0.537933 0.284825 0.0381151 0.0623674 0.686373
2 0.616747 0.304806 0.0264449 0.0383436 0.651135
2 0.565409 0.866529 0.0321186 0.0547684 0.648613
2 0.467261 0.455299 0.0284938 0.0450964 0.597027
2 0.748464 0.343443 0.0205289 0.0297536 0.544491
2 0.825117 0.272584 0.0224634 0.0366392 0.543398
2 0.993698 0.387302 0.0126048 0.0425125 0.493425
2 0.810907 0.294839 0.0231913 0.0325441 0.463926
2 0.758154 0.546657 0.0235851 0.0348781 0.459248
3 0.52869 0.796424 0.0157418 0.0263054 0.292038
3 0.629629 0.195143 0.0295773 0.037627 0.75522
2 0.670668 0.239329 0.033214 0.0489763 0.741706
2 0.680368 0.69668 0.0327222 0.0434191 0.722872
1 0.553835 0.773025 0.0263598 0.0371623 0.713462
2 0.70301 0.733347 0.0328487 0.051585 0.705896
2 0.62747 0.361241 0.0401325 0.0365251 0.687822
2 0.606994 0.339547 0.0261938 0.0371311 0.687761
2 0.537933 0.284825 0.0381151 0.0623674 0.686373
2 0.616747 0.304806 0.0264449 0.0383436 0.651135
2 0.565409 0.866529 0.0321186 0.0547684 0.648613
2 0.467261 0.455299 0.0284938 0.0450964 0.597027
2 0.748464 0.343443 0.0205289 0.0297536 0.544491
2 0.825117 0.272584 0.0224634 0.0366392 0.543398
2 0.993698 0.387302 0.0126048 0.0425125 0.493425
2 0.810907 0.294839 0.0231913 0.0325441 0.463926
2 0.758154 0.546657 0.0235851 0.0348781 0.459248
3 0.52869 0.796424 0.0157418 0.0263054 0.292038
