1 0.614164 0.244776 0.0624876 0.134959 0.830552
0 0.590787 0.118457 0.0422361 0.0570876 0.402673
1 0.922172 0.0592601 0.023349 0.0402115 0.324303
1 0.614079 0.244651 0.0622142 0.135375 0.835529
0 0.591025 0.118498 0.041695 0.0564505 0.432568
1 0.922214 0.0592984 0.0237343 0.0402248 0.365123
1 0.826922 0.261528 0.0161934 0.0251349 0.328142
1 0.614079 0.244651 0.0622142 0.135375 0.835529
0 0.591025 0.118498 0.041695 0.0564505 0.432568
1 0.922214 0.0592984 0.0237343 0.0402248 0.365123
1 0.826922 0.261528 0.0161934 0.0251349 0.328142
1 0.614079 0.244651 0.0622142 0.135375 0.835529
0 0.591025 0.118498 0.041695 0.0564505 0.432568
1 0.922214 0.0592984 0.0237343 0.0402248 0.365123
1 0.826922 0.261528 0.0161934 0.0251349 0.328142
