1 0.219782 0.707595 0.0195766 0.0591452 0.829466
1 0.563575 0.592752 0.0917332 0.0948792 0.800633
0 0.544635 0.518123 0.08027 0.0904806 0.785537
1 0.471526 0.612248 0.105227 0.129544 0.75647
1 0.142237 0.774247 0.0175338 0.0356227 0.61772
1 0.219769 0.707627 0.0195416 0.0588156 0.836919
1 0.563723 0.591816 0.0943758 0.0958414 0.799011
0 0.544765 0.518132 0.0794834 0.089659 0.756385
1 0.471181 0.612421 0.105663 0.128741 0.718156
1 0.142219 0.774226 0.0174558 0.0355251 0.629398
0 0.473732 0.61393 0.102985 0.129256 0.44033
1 0.219769 0.707627 0.0195416 0.0588156 0.836919
1 0.563723 0.591816 0.0943758 0.0958414 0.799011
0 0.544765 0.518132 0.0794834 0.089659 0.756385
1 0.471181 0.612421 0.105663 0.128741 0.718156
1 0.142219 0.774226 0.0174558 0.0355251 0.629398
0 0.473732 0.61393 0.102985 0.129256 0.44033
1 0.219769 0.707627 0.0195416 0.0588156 0.836919
1 0.563723 0.591816 0.0943758 0.0958414 0.799011
0 0.544765 0.518132 0.0794834 0.089659 0.756385
1 0.471181 0.612421 0.105663 0.128741 0.718156
1 0.142219 0.774226 0.0174558 0.0355251 0.629398
0 0.473732 0.61393 0.102985 0.129256 0.44033
