3 0.41293 0.6295 0.0660838 0.10463 0.840581
3 0.632248 0.752502 0.0392266 0.0606673 0.787652
3 0.643771 0.557292 0.0500998 0.0654034 0.756481
1 0.324818 0.0630609 0.0490194 0.0866921 0.734942
3 0.570201 0.828535 0.0185535 0.0560245 0.678166
3 0.578002 0.768433 0.0169319 0.0621051 0.624203
1 0.461153 0.766841 0.0349899 0.0786979 0.525262
0 0.461346 0.765961 0.0366989 0.0808982 0.483137
0 0.382347 0.504422 0.0138396 0.0232901 0.45972
0 0.258253 0.629092 0.0130279 0.0193055 0.346649
0 0.963078 0.748283 0.018401 0.0257237 0.336351
0 0.436231 0.69307 0.0158821 0.0244767 0.32385
3 0.413034 0.628938 0.0657877 0.10489 0.839204
3 0.632203 0.752518 0.0389643 0.0606164 0.791647
3 0.643693 0.55727 0.0498885 0.0652431 0.753961
1 0.324843 0.0631852 0.0486854 0.0868416 0.73065
3 0.570186 0.828493 0.0184946 0.0558158 0.687214
3 0.577986 0.76848 0.016773 0.0618637 0.62396
1 0.461368 0.766524 0.0354957 0.0784427 0.58478
0 0.382344 0.504428 0.0137468 0.0236002 0.444896
0 0.461587 0.765773 0.0367974 0.0807199 0.408183
0 0.258248 0.629044 0.0129919 0.0195236 0.325551
0 0.436218 0.693051 0.0156115 0.0243033 0.310526
0 0.963109 0.748214 0.0179714 0.0254782 0.293564
3 0.413034 0.628938 0.0657877 0.10489 0.839204
3 0.632203 0.752518 0.0389643 0.0606164 0.791647
3 0.643693 0.55727 0.0498885 0.0652431 0.753961
1 0.324843 0.0631852 0.0486854 0.0868416 0.73065
3 0.570186 0.828493 0.0184946 0.0558158 0.687214
3 0.577986 0.76848 0.016773 0.0618637 0.62396
1 0.461368 0.766524 0.0354957 0.0784427 0.58478
0 0.382344 0.504428 0.0137468 0.0236002 0.444896
0 0.461587 0.765773 0.0367974 0.0807199 0.408183
0 0.258248 0.629044 0.0129919 0.0195236 0.325551
0 0.436218 0.693051 0.0156115 0.0243033 0.310526
0 0.963109 0.748214 0.0179714 0.0254782 0.293564
3 0.413034 0.628938 0.0657877 0.10489 0.839204
3 0.632203 0.752518 0.0389643 0.0606164 0.791647
3 0.643693 0.55727 0.0498885 0.0652431 0.753961
1 0.324843 0.0631852 0.0486854 0.0868416 0.73065
3 0.570186 0.828493 0.0184946 0.0558158 0.687214
3 0.577986 0.76848 0.016773 0.0618637 0.62396
1 0.461368 0.766524 0.0354957 0.0784427 0.58478
0 0.382344 0.504428 0.0137468 0.0236002 0.444896
0 0.461587 0.765773 0.0367974 0.0807199 0.408183
0 0.258248 0.629044 0.0129919 0.0195236 0.325551
0 0.436218 0.693051 0.0156115 0.0243033 0.310526
0 0.963109 0.748214 0.0179714 0.0254782 0.293564
