3 0.842255 0.689121 0.0717232 0.132983 0.835621
1 0.752761 0.587254 0.0468155 0.0744023 0.809563
3 0.766603 0.965252 0.0489687 0.0685115 0.695613
2 0.49252 0.746549 0.0182234 0.0296955 0.631427
3 0.740436 0.847504 0.038281 0.0840809 0.600277
2 0.218224 0.754376 0.0141412 0.0212914 0.591942
0 0.865478 0.835194 0.0459164 0.0900677 0.581593
2 0.202188 0.703298 0.0169388 0.0274036 0.570491
1 0.191248 0.663747 0.014883 0.028318 0.516151
3 0.16597 0.152077 0.0248953 0.0427401 0.503528
2 0.470928 0.650878 0.0167162 0.0248453 0.465341
1 0.179281 0.674142 0.0133119 0.0272768 0.429467
1 0.192285 0.615863 0.015203 0.0287785 0.4199
1 0.11066 0.62032 0.0158527 0.0233999 0.41351
1 0.212075 0.640287 0.0145155 0.0283973 0.318055
1 0.743681 0.622633 0.0197969 0.0274708 0.314167
3 0.842333 0.688772 0.0714231 0.132316 0.835581
1 0.75278 0.587346 0.0467722 0.0741366 0.810241
3 0.766528 0.965597 0.0501678 0.0688061 0.722199
2 0.492455 0.746386 0.0176153 0.0291858 0.638363
0 0.865527 0.835184 0.0451801 0.0894635 0.605078
2 0.202212 0.703395 0.0164413 0.0268944 0.599233
3 0.740474 0.847567 0.0383572 0.0841081 0.585975
2 0.218304 0.75417 0.0133271 0.0201254 0.566748
3 0.165928 0.152558 0.0255304 0.0439755 0.513328
2 0.470942 0.650888 0.0163687 0.0246249 0.492451
1 0.191267 0.663799 0.0145068 0.027629 0.476471
1 0.110693 0.620321 0.0157041 0.0231915 0.399919
1 0.179303 0.674087 0.012978 0.0265634 0.377683
1 0.192291 0.615821 0.0149575 0.0283694 0.371716
1 0.743625 0.622557 0.0195135 0.0272322 0.287225
1 0.212046 0.640333 0.0142586 0.0279464 0.274436
3 0.74258 0.824223 0.0247113 0.0672177 0.258414
3 0.842333 0.688772 0.0714231 0.132316 0.835581
1 0.75278 0.587346 0.0467722 0.0741366 0.810241
3 0.766528 0.965597 0.0501678 0.0688061 0.722199
2 0.492455 0.746386 0.0176153 0.0291858 0.638363
0 0.865527 0.835184 0.0451801 0.0894635 0.605078
2 0.202212 0.703395 0.0164413 0.0268944 0.599233
3 0.740474 0.847567 0.0383572 0.0841081 0.585975
2 0.218304 0.75417 0.0133271 0.0201254 0.566748
3 0.165928 0.152558 0.0255304 0.0439755 0.513328
2 0.470942 0.650888 0.0163687 0.0246249 0.492451
1 0.191267 0.663799 0.0145068 0.027629 0.476471
1 0.110693 0.620321 0.0157041 0.0231915 0.399919
1 0.179303 0.674087 0.012978 0.0265634 0.377683
1 0.192291 0.615821 0.0149575 0.0283694 0.371716
1 0.743625 0.622557 0.0195135 0.0272322 0.287225
1 0.212046 0.640333 0.0142586 0.0279464 0.274436
3 0.74258 0.824223 0.0247113 0.0672177 0.258414
3 0.842333 0.688772 0.0714231 0.132316 0.835581
1 0.75278 0.587346 0.0467722 0.0741366 0.810241
3 0.766528 0.965597 0.0501678 0.0688061 0.722199
2 0.492455 0.746386 0.0176153 0.0291858 0.638363
0 0.865527 0.835184 0.0451801 0.0894635 0.605078
2 0.202212 0.703395 0.0164413 0.0268944 0.599233
3 0.740474 0.847567 0.0383572 0.0841081 0.585975
2 0.218304 0.75417 0.0133271 0.0201254 0.566748
3 0.165928 0.152558 0.0255304 0.0439755 0.513328
2 0.470942 0.650888 0.0163687 0.0246249 0.492451
1 0.191267 0.663799 0.0145068 0.027629 0.476471
1 0.110693 0.620321 0.0157041 0.0231915 0.399919
1 0.179303 0.674087 0.012978 0.0265634 0.377683
1 0.192291 0.615821 0.0149575 0.0283694 0.371716
1 0.743625 0.622557 0.0195135 0.0272322 0.287225
1 0.212046 0.640333 0.0142586 0.0279464 0.274436
3 0.74258 0.824223 0.0247113 0.0672177 0.258414
