0 0.465652 0.620624 0.0180094 0.0376488 0.668402
0 0.27459 0.755839 0.0301212 0.0368021 0.637207
0 0.347206 0.616287 0.0203851 0.023838 0.541052
0 0.301536 0.787747 0.0150102 0.0190141 0.507864
2 0.184985 0.752471 0.0135624 0.0192602 0.454927
0 0.46567 0.620442 0.0178797 0.0375572 0.680134
0 0.274561 0.755823 0.02988 0.0370131 0.594256
0 0.347158 0.616157 0.0204358 0.0239867 0.558702
0 0.301481 0.787697 0.0149804 0.0191285 0.512243
2 0.18495 0.752406 0.0138044 0.0195842 0.446189
2 0.0780161 0.790195 0.0118816 0.016271 0.27798
0 0.46567 0.620442 0.0178797 0.0375572 0.680134
0 0.274561 0.755823 0.02988 0.0370131 0.594256
0 0.347158 0.616157 0.0204358 0.0239867 0.558702
0 0.301481 0.787697 0.0149804 0.0191285 0.512243
2 0.18495 0.752406 0.0138044 0.0195842 0.446189
2 0.0780161 0.790195 0.0118816 0.016271 0.27798
0 0.46567 0.620442 0.0178797 0.0375572 0.680134
0 0.274561 0.755823 0.02988 0.0370131 0.594256
0 0.347158 0.616157 0.0204358 0.0239867 0.558702
0 0.301481 0.787697 0.0149804 0.0191285 0.512243
2 0.18495 0.752406 0.0138044 0.0195842 0.446189
2 0.0780161 0.790195 0.0118816 0.016271 0.27798
