2 0.426875 0.957471 0.0500444 0.0724924 0.755268
2 0.501273 0.497169 0.0422872 0.0841443 0.680444
3 0.168858 0.312131 0.0336888 0.049971 0.556418
2 0.426968 0.957857 0.0500904 0.0722656 0.751465
2 0.501314 0.497101 0.0425385 0.0845903 0.630885
3 0.168801 0.312293 0.0328298 0.0491749 0.537817
2 0.426968 0.957857 0.0500904 0.0722656 0.751465
2 0.501314 0.497101 0.0425385 0.0845903 0.630885
3 0.168801 0.312293 0.0328298 0.0491749 0.537817
2 0.426968 0.957857 0.0500904 0.0722656 0.751465
2 0.501314 0.497101 0.0425385 0.0845903 0.630885
3 0.168801 0.312293 0.0328298 0.0491749 0.537817
