1 0.579033 0.491733 0.110431 0.184287 0.776296
0 0.838371 0.572361 0.038613 0.0442464 0.55333
1 0.0124504 0.740622 0.0247741 0.0469903 0.39937
1 0.578848 0.491908 0.1086 0.184885 0.776058
0 0.838244 0.572478 0.0391827 0.0442451 0.566807
1 0.012335 0.740469 0.0244533 0.0462513 0.397643
1 0.578848 0.491908 0.1086 0.184885 0.776058
0 0.838244 0.572478 0.0391827 0.0442451 0.566807
1 0.012335 0.740469 0.0244533 0.0462513 0.397643
1 0.578848 0.491908 0.1086 0.184885 0.776058
0 0.838244 0.572478 0.0391827 0.0442451 0.566807
1 0.012335 0.740469 0.0244533 0.0462513 0.397643
