1 0.348856 0.779719 0.0311619 0.0405376 0.848733
1 0.395272 0.915195 0.0266508 0.0395762 0.847558
1 0.385218 0.813436 0.0409312 0.0380488 0.841101
1 0.435153 0.80776 0.0274687 0.0418692 0.812397
0 0.428604 0.960987 0.0340618 0.0243832 0.688153
0 0.411038 0.895174 0.0173025 0.0187985 0.492607
0 0.366206 0.845559 0.0192537 0.0272375 0.477832
1 0.385729 0.746254 0.0272443 0.0337338 0.417986
1 0.446808 0.777605 0.020532 0.0361056 0.401061
0 0.447154 0.77728 0.0207043 0.0363279 0.397848
1 0.348868 0.779743 0.0311518 0.0404139 0.855572
1 0.395272 0.915229 0.0266354 0.0395717 0.844568
1 0.385234 0.813419 0.0409187 0.0379618 0.841255
1 0.435155 0.807753 0.0274895 0.0417757 0.81012
0 0.428693 0.960919 0.0337967 0.0248161 0.698678
0 0.366262 0.845519 0.0191547 0.0270571 0.512685
0 0.411037 0.895194 0.017261 0.0187444 0.503379
0 0.447143 0.777309 0.0206482 0.0361232 0.435744
1 0.385745 0.746257 0.0272743 0.0338369 0.392115
1 0.446786 0.777648 0.0204288 0.0358645 0.375053
0 0.428377 0.878372 0.0161079 0.0270682 0.266923
1 0.348868 0.779743 0.0311518 0.0404139 0.855572
1 0.395272 0.915229 0.0266354 0.0395717 0.844568
1 0.385234 0.813419 0.0409187 0.0379618 0.841255
1 0.435155 0.807753 0.0274895 0.0417757 0.81012
0 0.428693 0.960919 0.0337967 0.0248161 0.698678
0 0.366262 0.845519 0.0191547 0.0270571 0.512685
0 0.411037 0.895194 0.017261 0.0187444 0.503379
0 0.447143 0.777309 0.0206482 0.0361232 0.435744
1 0.385745 0.746257 0.0272743 0.0338369 0.392115
1 0.446786 0.777648 0.0204288 0.0358645 0.375053
0 0.428377 0.878372 0.0161079 0.0270682 0.266923
1 0.348868 0.779743 0.0311518 0.0404139 0.855572
1 0.395272 0.915229 0.0266354 0.0395717 0.844568
1 0.385234 0.813419 0.0409187 0.0379618 0.841255
1 0.435155 0.807753 0.0274895 0.0417757 0.81012
0 0.428693 0.960919 0.0337967 0.0248161 0.698678
0 0.366262 0.845519 0.0191547 0.0270571 0.512685
0 0.411037 0.895194 0.017261 0.0187444 0.503379
0 0.447143 0.777309 0.0206482 0.0361232 0.435744
1 0.385745 0.746257 0.0272743 0.0338369 0.392115
1 0.446786 0.777648 0.0204288 0.0358645 0.375053
0 0.428377 0.878372 0.0161079 0.0270682 0.266923
