2 0.697094 0.891573 0.0358555 0.0546483 0.691794
3 0.628019 0.343872 0.0350693 0.0473057 0.689752
2 0.675338 0.859864 0.0312516 0.0396359 0.648135
2 0.951603 0.627302 0.0304424 0.0455111 0.608436
2 0.535548 0.433773 0.0356029 0.0564481 0.606494
2 0.478743 0.487698 0.0332144 0.0548956 0.543496
3 0.437648 0.590645 0.0296459 0.0389571 0.418692
1 0.548497 0.90439 0.0253033 0.0398278 0.414444
2 0.696945 0.891636 0.0348806 0.0542126 0.701568
3 0.628003 0.34388 0.0350665 0.0473269 0.683039
2 0.675289 0.859895 0.0314446 0.0399989 0.656889
2 0.951607 0.627359 0.0326361 0.0479492 0.642967
2 0.535646 0.432114 0.0356974 0.0548167 0.572708
2 0.47881 0.487592 0.0333414 0.0547483 0.50447
1 0.548486 0.904427 0.0255255 0.0399189 0.468793
3 0.437663 0.590721 0.029867 0.0391501 0.342987
2 0.696945 0.891636 0.0348806 0.0542126 0.701568
3 0.628003 0.34388 0.0350665 0.0473269 0.683039
2 0.675289 0.859895 0.0314446 0.0399989 0.656889
2 0.951607 0.627359 0.0326361 0.0479492 0.642967
2 0.535646 0.432114 0.0356974 0.0548167 0.572708
2 0.47881 0.487592 0.0333414 0.0547483 0.50447
1 0.548486 0.904427 0.0255255 0.0399189 0.468793
3 0.437663 0.590721 0.029867 0.0391501 0.342987
2 0.696945 0.891636 0.0348806 0.0542126 0.701568
3 0.628003 0.34388 0.0350665 0.0473269 0.683039
2 0.675289 0.859895 0.0314446 0.0399989 0.656889
2 0.951607 0.627359 0.0326361 0.0479492 0.642967
2 0.535646 0.432114 0.0356974 0.0548167 0.572708
2 0.47881 0.487592 0.0333414 0.0547483 0.50447
1 0.548486 0.904427 0.0255255 0.0399189 0.468793
3 0.437663 0.590721 0.029867 0.0391501 0.342987
