1 0.820408 0.744346 0.0354485 0.061992 0.860869
2 0.887282 0.473763 0.0518074 0.0741332 0.833732
1 0.836957 0.719672 0.0389658 0.0596306 0.815624
3 0.660463 0.963315 0.0239061 0.0457992 0.805998
1 0.820318 0.744221 0.0354507 0.0620073 0.85869
2 0.887296 0.473808 0.0514313 0.0739986 0.841391
1 0.836944 0.719673 0.038839 0.0595304 0.833748
3 0.660263 0.963494 0.0237554 0.0466886 0.796947
4 0.259206 0.420514 0.517528 0.82119 0.345736
1 0.820318 0.744221 0.0354507 0.0620073 0.85869
2 0.887296 0.473808 0.0514313 0.0739986 0.841391
1 0.836944 0.719673 0.038839 0.0595304 0.833748
3 0.660263 0.963494 0.0237554 0.0466886 0.796947
4 0.259206 0.420514 0.517528 0.82119 0.345736
1 0.820318 0.744221 0.0354507 0.0620073 0.85869
2 0.887296 0.473808 0.0514313 0.0739986 0.841391
1 0.836944 0.719673 0.038839 0.0595304 0.833748
3 0.660263 0.963494 0.0237554 0.0466886 0.796947
4 0.259206 0.420514 0.517528 0.82119 0.345736
