1 0.63321 0.295107 0.073947 0.102973 0.565486
0 0.633079 0.295601 0.0777998 0.104314 0.432963
4 0.144172 0.463297 0.286346 0.270323 0.317072
1 0.633458 0.294478 0.0725693 0.100957 0.546913
0 0.633311 0.295102 0.0766125 0.101685 0.455153
4 0.141402 0.542315 0.282804 0.408887 0.339505
1 0.633458 0.294478 0.0725693 0.100957 0.546913
0 0.633311 0.295102 0.0766125 0.101685 0.455153
4 0.141402 0.542315 0.282804 0.408887 0.339505
1 0.633458 0.294478 0.0725693 0.100957 0.546913
0 0.633311 0.295102 0.0766125 0.101685 0.455153
4 0.141402 0.542315 0.282804 0.408887 0.339505
