2 0.672699 0.749782 0.0363314 0.0617246 0.792438
2 0.884348 0.587579 0.0443748 0.0674928 0.766007
0 0.651907 0.714115 0.0298944 0.0508294 0.749906
2 0.924306 0.716584 0.0379671 0.0756953 0.73581
2 0.627734 0.758907 0.0305722 0.0444599 0.715272
2 0.932081 0.588058 0.0286768 0.0650785 0.638205
0 0.0186758 0.761259 0.0372487 0.066264 0.605305
3 0.900653 0.831577 0.0465218 0.0523832 0.34227
2 0.672726 0.749719 0.0361651 0.0615737 0.796036
2 0.884497 0.587072 0.0440201 0.0680837 0.769838
0 0.651962 0.714169 0.0298345 0.0507848 0.748853
2 0.924302 0.716389 0.037759 0.0757089 0.738592
2 0.627689 0.758767 0.03043 0.0441583 0.722521
2 0.932075 0.587804 0.0285044 0.0652703 0.638899
0 0.0183512 0.76124 0.036604 0.0657924 0.588741
3 0.900743 0.833623 0.0459557 0.0533737 0.383812
0 0.888412 0.757766 0.0272446 0.0542117 0.34903
2 0.672726 0.749719 0.0361651 0.0615737 0.796036
2 0.884497 0.587072 0.0440201 0.0680837 0.769838
0 0.651962 0.714169 0.0298345 0.0507848 0.748853
2 0.924302 0.716389 0.037759 0.0757089 0.738592
2 0.627689 0.758767 0.03043 0.0441583 0.722521
2 0.932075 0.587804 0.0285044 0.0652703 0.638899
0 0.0183512 0.76124 0.036604 0.0657924 0.588741
3 0.900743 0.833623 0.0459557 0.0533737 0.383812
0 0.888412 0.757766 0.0272446 0.0542117 0.34903
2 0.672726 0.749719 0.0361651 0.0615737 0.796036
2 0.884497 0.587072 0.0440201 0.0680837 0.769838
0 0.651962 0.714169 0.0298345 0.0507848 0.748853
2 0.924302 0.716389 0.037759 0.0757089 0.738592
2 0.627689 0.758767 0.03043 0.0441583 0.722521
2 0.932075 0.587804 0.0285044 0.0652703 0.638899
0 0.0183512 0.76124 0.036604 0.0657924 0.588741
3 0.900743 0.833623 0.0459557 0.0533737 0.383812
0 0.888412 0.757766 0.0272446 0.0542117 0.34903
