0 0.746425 0.0765093 0.0327148 0.0713736 0.788687
1 0.441812 0.594906 0.0878614 0.173358 0.720347
0 0.335149 0.0819699 0.0591803 0.0330275 0.697101
0 0.574277 0.448565 0.12821 0.126881 0.649807
0 0.136172 0.824409 0.059752 0.0726525 0.63003
0 0.488009 0.5065 0.0745365 0.166667 0.622313
1 0.43921 0.680181 0.107381 0.128927 0.586609
0 0.286749 0.425043 0.0540591 0.082748 0.573016
0 0.305078 0.026386 0.0333207 0.0484451 0.502654
0 0.896038 0.0205796 0.0555752 0.0380162 0.452977
0 0.307686 0.123489 0.0242095 0.0517159 0.391211
0 0.746396 0.0762304 0.0331031 0.0721205 0.77518
1 0.44131 0.59546 0.0892761 0.174235 0.71738
0 0.335125 0.0820151 0.059046 0.0331943 0.704818
0 0.573843 0.449699 0.131005 0.12872 0.667851
0 0.136142 0.824283 0.0600355 0.0726222 0.662938
0 0.488392 0.5087 0.0751017 0.173983 0.601577
0 0.286725 0.424696 0.0537862 0.0818148 0.578813
1 0.439499 0.680214 0.107822 0.129188 0.57423
0 0.305118 0.0264046 0.03386 0.0480352 0.467227
0 0.307675 0.123591 0.0242935 0.0519081 0.435155
1 0.487184 0.508978 0.0730334 0.159953 0.434141
0 0.245125 0.346139 0.0389828 0.0423712 0.317982
1 0.404867 0.0603415 0.117158 0.118623 0.313667
0 0.746396 0.0762304 0.0331031 0.0721205 0.77518
1 0.44131 0.59546 0.0892761 0.174235 0.71738
0 0.335125 0.0820151 0.059046 0.0331943 0.704818
0 0.573843 0.449699 0.131005 0.12872 0.667851
0 0.136142 0.824283 0.0600355 0.0726222 0.662938
0 0.488392 0.5087 0.0751017 0.173983 0.601577
0 0.286725 0.424696 0.0537862 0.0818148 0.578813
1 0.439499 0.680214 0.107822 0.129188 0.57423
0 0.305118 0.0264046 0.03386 0.0480352 0.467227
0 0.307675 0.123591 0.0242935 0.0519081 0.435155
1 0.487184 0.508978 0.0730334 0.159953 0.434141
0 0.245125 0.346139 0.0389828 0.0423712 0.317982
1 0.404867 0.0603415 0.117158 0.118623 0.313667
0 0.746396 0.0762304 0.0331031 0.0721205 0.77518
1 0.44131 0.59546 0.0892761 0.174235 0.71738
0 0.335125 0.0820151 0.059046 0.0331943 0.704818
0 0.573843 0.449699 0.131005 0.12872 0.667851
0 0.136142 0.824283 0.0600355 0.0726222 0.662938
0 0.488392 0.5087 0.0751017 0.173983 0.601577
0 0.286725 0.424696 0.0537862 0.0818148 0.578813
1 0.439499 0.680214 0.107822 0.129188 0.57423
0 0.305118 0.0264046 0.03386 0.0480352 0.467227
0 0.307675 0.123591 0.0242935 0.0519081 0.435155
1 0.487184 0.508978 0.0730334 0.159953 0.434141
0 0.245125 0.346139 0.0389828 0.0423712 0.317982
1 0.404867 0.0603415 0.117158 0.118623 0.313667
