2 0.356371 0.588922 0.0323552 0.0735199 0.802552
0 0.418477 0.498703 0.0296383 0.0485916 0.796069
0 0.377848 0.473655 0.0194547 0.0396844 0.656639
2 0.546229 0.564608 0.0308252 0.0625523 0.627725
2 0.668828 0.353321 0.0349241 0.0453981 0.614718
2 0.35638 0.588915 0.0324075 0.0734504 0.803478
0 0.418473 0.498672 0.0297598 0.0486244 0.797856
0 0.377832 0.473618 0.0194234 0.039675 0.6419
2 0.546232 0.564555 0.03076 0.0626786 0.635956
2 0.668862 0.353395 0.0348521 0.0450884 0.584372
4 0.844654 0.14155 0.262439 0.273602 0.348338
4 0.502288 0.398206 0.916359 0.770195 0.251328
2 0.35638 0.588915 0.0324075 0.0734504 0.803478
0 0.418473 0.498672 0.0297598 0.0486244 0.797856
0 0.377832 0.473618 0.0194234 0.039675 0.6419
2 0.546232 0.564555 0.03076 0.0626786 0.635956
2 0.668862 0.353395 0.0348521 0.0450884 0.584372
4 0.844654 0.14155 0.262439 0.273602 0.348338
4 0.502288 0.398206 0.916359 0.770195 0.251328
2 0.35638 0.588915 0.0324075 0.0734504 0.803478
0 0.418473 0.498672 0.0297598 0.0486244 0.797856
0 0.377832 0.473618 0.0194234 0.039675 0.6419
2 0.546232 0.564555 0.03076 0.0626786 0.635956
2 0.668862 0.353395 0.0348521 0.0450884 0.584372
4 0.844654 0.14155 0.262439 0.273602 0.348338
4 0.502288 0.398206 0.916359 0.770195 0.251328
