0 0.264119 0.66415 0.0328644 0.0420741 0.706419
0 0.460539 0.54901 0.0196657 0.0333477 0.611692
0 0.297336 0.743711 0.0147137 0.0203626 0.602843
1 0.049897 0.269926 0.0271746 0.0424097 0.563843
2 0.181968 0.718185 0.0125889 0.018082 0.56162
0 0.0643525 0.617006 0.0164751 0.0178906 0.540332
2 0.710112 0.867613 0.0229814 0.0381753 0.400347
0 0.264128 0.664155 0.0333398 0.0428633 0.68437
0 0.297331 0.743703 0.0148223 0.020632 0.617826
0 0.460516 0.54904 0.0197533 0.0334501 0.600475
2 0.181981 0.718251 0.0127815 0.0184711 0.556658
1 0.0499079 0.269943 0.0266986 0.0427921 0.511657
0 0.0643336 0.617064 0.0165176 0.0180634 0.476837
2 0.709954 0.867446 0.0224719 0.0373252 0.457892
0 0.264128 0.664155 0.0333398 0.0428633 0.68437
0 0.297331 0.743703 0.0148223 0.020632 0.617826
0 0.460516 0.54904 0.0197533 0.0334501 0.600475
2 0.181981 0.718251 0.0127815 0.0184711 0.556658
1 0.0499079 0.269943 0.0266986 0.0427921 0.511657
0 0.0643336 0.617064 0.0165176 0.0180634 0.476837
2 0.709954 0.867446 0.0224719 0.0373252 0.457892
0 0.264128 0.664155 0.0333398 0.0428633 0.68437
0 0.297331 0.743703 0.0148223 0.020632 0.617826
0 0.460516 0.54904 0.0197533 0.0334501 0.600475
2 0.181981 0.718251 0.0127815 0.0184711 0.556658
1 0.0499079 0.269943 0.0266986 0.0427921 0.511657
0 0.0643336 0.617064 0.0165176 0.0180634 0.476837
2 0.709954 0.867446 0.0224719 0.0373252 0.457892
