1 0.630181 0.540069 0.0725389 0.0804332 0.912986
1 0.467358 0.256269 0.0474633 0.0980084 0.755047
3 0.583465 0.647003 0.0413983 0.0558429 0.653204
1 0.630163 0.540055 0.0725373 0.0804044 0.911784
1 0.467138 0.256606 0.0487706 0.0970205 0.732331
3 0.583452 0.647009 0.0413989 0.0558574 0.653334
1 0.630163 0.540055 0.0725373 0.0804044 0.911784
1 0.467138 0.256606 0.0487706 0.0970205 0.732331
3 0.583452 0.647009 0.0413989 0.0558574 0.653334
1 0.630163 0.540055 0.0725373 0.0804044 0.911784
1 0.467138 0.256606 0.0487706 0.0970205 0.732331
3 0.583452 0.647009 0.0413989 0.0558574 0.653334
