3 0.699639 0.880006 0.0483685 0.0624017 0.899728
3 0.671565 0.250503 0.0502174 0.0552667 0.869771
3 0.61278 0.243818 0.0380539 0.0479621 0.854971
2 0.303937 0.672271 0.0373386 0.0756086 0.841681
3 0.525325 0.629253 0.0443951 0.0717955 0.730658
0 0.627758 0.972045 0.0262993 0.0250673 0.618697
0 0.615573 0.976145 0.0162863 0.0267553 0.516403
3 0.699602 0.880083 0.0483112 0.0624388 0.900003
3 0.671514 0.250905 0.0496495 0.0573922 0.881329
3 0.612756 0.243806 0.037831 0.0476085 0.863735
2 0.303941 0.672371 0.0374713 0.0757221 0.84156
3 0.525204 0.62936 0.0450434 0.0720335 0.75433
0 0.623417 0.975998 0.0311993 0.0291495 0.603424
3 0.699602 0.880083 0.0483112 0.0624388 0.900003
3 0.671514 0.250905 0.0496495 0.0573922 0.881329
3 0.612756 0.243806 0.037831 0.0476085 0.863735
2 0.303941 0.672371 0.0374713 0.0757221 0.84156
3 0.525204 0.62936 0.0450434 0.0720335 0.75433
0 0.623417 0.975998 0.0311993 0.0291495 0.603424
3 0.699602 0.880083 0.0483112 0.0624388 0.900003
3 0.671514 0.250905 0.0496495 0.0573922 0.881329
3 0.612756 0.243806 0.037831 0.0476085 0.863735
2 0.303941 0.672371 0.0374713 0.0757221 0.84156
3 0.525204 0.62936 0.0450434 0.0720335 0.75433
0 0.623417 0.975998 0.0311993 0.0291495 0.603424
