0 0.454083 0.619201 0.0348843 0.0636331 0.774706
0 0.484706 0.666907 0.0512943 0.120172 0.586989
1 0.483897 0.668697 0.0587423 0.122942 0.520847
0 0.453991 0.619532 0.0338131 0.0632733 0.777338
1 0.483868 0.668861 0.0568645 0.120867 0.553723
0 0.484709 0.667185 0.0505602 0.119061 0.527753
0 0.453991 0.619532 0.0338131 0.0632733 0.777338
1 0.483868 0.668861 0.0568645 0.120867 0.553723
0 0.484709 0.667185 0.0505602 0.119061 0.527753
0 0.453991 0.619532 0.0338131 0.0632733 0.777338
1 0.483868 0.668861 0.0568645 0.120867 0.553723
0 0.484709 0.667185 0.0505602 0.119061 0.527753
