2 0.0236013 0.74712 0.0360449 0.0575306 0.656841
2 0.329402 0.534162 0.0362861 0.0535522 0.580129
2 0.394779 0.361787 0.0212327 0.0259316 0.530221
2 0.778142 0.372857 0.0146021 0.0217061 0.308872
2 0.0236925 0.747205 0.0363695 0.0584837 0.66082
2 0.329356 0.534186 0.0366767 0.0538396 0.573221
2 0.394763 0.361671 0.0215355 0.0267321 0.533452
2 0.77813 0.372758 0.0142744 0.0212291 0.289661
2 0.0236925 0.747205 0.0363695 0.0584837 0.66082
2 0.329356 0.534186 0.0366767 0.0538396 0.573221
2 0.394763 0.361671 0.0215355 0.0267321 0.533452
2 0.77813 0.372758 0.0142744 0.0212291 0.289661
2 0.0236925 0.747205 0.0363695 0.0584837 0.66082
2 0.329356 0.534186 0.0366767 0.0538396 0.573221
2 0.394763 0.361671 0.0215355 0.0267321 0.533452
2 0.77813 0.372758 0.0142744 0.0212291 0.289661
