0 0.466877 0.309148 0.0894999 0.197316 0.755468
0 0.619445 0.491585 0.0684775 0.118438 0.748889
0 0.715646 0.642937 0.0766989 0.121723 0.525177
0 0.466978 0.309645 0.0900188 0.195421 0.757245
0 0.618923 0.491995 0.0666544 0.118211 0.745041
0 0.715631 0.642698 0.0760676 0.120879 0.479095
0 0.466978 0.309645 0.0900188 0.195421 0.757245
0 0.618923 0.491995 0.0666544 0.118211 0.745041
0 0.715631 0.642698 0.0760676 0.120879 0.479095
0 0.466978 0.309645 0.0900188 0.195421 0.757245
0 0.618923 0.491995 0.0666544 0.118211 0.745041
0 0.715631 0.642698 0.0760676 0.120879 0.479095
