2 0.843255 0.557734 0.0640102 0.12672 0.817663
1 0.798485 0.433089 0.060775 0.0932184 0.767316
1 0.779384 0.665386 0.0385822 0.0784706 0.573461
2 0.84326 0.557577 0.0633472 0.126051 0.810498
1 0.798319 0.433013 0.0603138 0.0932434 0.766726
1 0.779441 0.665413 0.0384528 0.0784851 0.622761
2 0.84326 0.557577 0.0633472 0.126051 0.810498
1 0.798319 0.433013 0.0603138 0.0932434 0.766726
1 0.779441 0.665413 0.0384528 0.0784851 0.622761
2 0.84326 0.557577 0.0633472 0.126051 0.810498
1 0.798319 0.433013 0.0603138 0.0932434 0.766726
1 0.779441 0.665413 0.0384528 0.0784851 0.622761
