3 0.694529 0.953106 0.048905 0.0648015 0.907202
3 0.671471 0.339974 0.0497217 0.0567683 0.826474
3 0.61092 0.336492 0.037863 0.0358302 0.782767
2 0.309961 0.76102 0.0414931 0.0787524 0.763011
3 0.52517 0.704263 0.0458525 0.0680082 0.569564
3 0.694387 0.953297 0.0488694 0.0654339 0.900809
3 0.610976 0.336364 0.0383032 0.0360501 0.780211
3 0.67158 0.340027 0.0497787 0.0567047 0.751636
2 0.309841 0.760575 0.0423908 0.0800416 0.749281
3 0.524135 0.704006 0.0495712 0.0692237 0.58553
2 0.526253 0.704101 0.0465888 0.0689451 0.313522
3 0.694387 0.953297 0.0488694 0.0654339 0.900809
3 0.610976 0.336364 0.0383032 0.0360501 0.780211
3 0.67158 0.340027 0.0497787 0.0567047 0.751636
2 0.309841 0.760575 0.0423908 0.0800416 0.749281
3 0.524135 0.704006 0.0495712 0.0692237 0.58553
2 0.526253 0.704101 0.0465888 0.0689451 0.313522
3 0.694387 0.953297 0.0488694 0.0654339 0.900809
3 0.610976 0.336364 0.0383032 0.0360501 0.780211
3 0.67158 0.340027 0.0497787 0.0567047 0.751636
2 0.309841 0.760575 0.0423908 0.0800416 0.749281
3 0.524135 0.704006 0.0495712 0.0692237 0.58553
2 0.526253 0.704101 0.0465888 0.0689451 0.313522
