2 0.182715 0.395701 0.0333991 0.0692207 0.740202
2 0.226722 0.454356 0.0337958 0.0797244 0.72757
2 0.256932 0.450789 0.0318977 0.10084 0.692509
2 0.159293 0.4306 0.0235394 0.051868 0.666682
2 0.252872 0.47276 0.0250282 0.0556603 0.424449
1 0.0664403 0.375783 0.0280954 0.0586271 0.396748
2 0.19289 0.432988 0.0175271 0.0448162 0.374509
1 0.633625 0.723416 0.0166879 0.0329348 0.321084
2 0.248992 0.380912 0.0222969 0.0452651 0.303451
2 0.18278 0.395733 0.0331624 0.0689845 0.745411
2 0.226668 0.45426 0.0339479 0.0798077 0.737171
2 0.257018 0.4507 0.0319536 0.100747 0.691984
2 0.159277 0.430626 0.0235233 0.0517957 0.666856
1 0.0664851 0.375757 0.0280906 0.0587901 0.445958
2 0.252877 0.472756 0.0247983 0.0554518 0.42695
2 0.192919 0.432947 0.0176661 0.0451867 0.38297
2 0.24891 0.380649 0.022025 0.0440453 0.341979
1 0.633622 0.723411 0.0166484 0.0328027 0.316947
1 0.0379061 0.433532 0.0238821 0.0407959 0.289712
3 0.13673 0.409769 0.0170331 0.0379223 0.260383
2 0.18278 0.395733 0.0331624 0.0689845 0.745411
2 0.226668 0.45426 0.0339479 0.0798077 0.737171
2 0.257018 0.4507 0.0319536 0.100747 0.691984
2 0.159277 0.430626 0.0235233 0.0517957 0.666856
1 0.0664851 0.375757 0.0280906 0.0587901 0.445958
2 0.252877 0.472756 0.0247983 0.0554518 0.42695
2 0.192919 0.432947 0.0176661 0.0451867 0.38297
2 0.24891 0.380649 0.022025 0.0440453 0.341979
1 0.633622 0.723411 0.0166484 0.0328027 0.316947
1 0.0379061 0.433532 0.0238821 0.0407959 0.289712
3 0.13673 0.409769 0.0170331 0.0379223 0.260383
2 0.18278 0.395733 0.0331624 0.0689845 0.745411
2 0.226668 0.45426 0.0339479 0.0798077 0.737171
2 0.257018 0.4507 0.0319536 0.100747 0.691984
2 0.159277 0.430626 0.0235233 0.0517957 0.666856
1 0.0664851 0.375757 0.0280906 0.0587901 0.445958
2 0.252877 0.472756 0.0247983 0.0554518 0.42695
2 0.192919 0.432947 0.0176661 0.0451867 0.38297
2 0.24891 0.380649 0.022025 0.0440453 0.341979
1 0.633622 0.723411 0.0166484 0.0328027 0.316947
1 0.0379061 0.433532 0.0238821 0.0407959 0.289712
3 0.13673 0.409769 0.0170331 0.0379223 0.260383
