0 0.569729 0.0883103 0.0602575 0.0770378 0.704325
0 0.151619 0.509796 0.0169688 0.0351264 0.648044
0 0.543267 0.956508 0.0354893 0.0573982 0.613768
0 0.367739 0.457086 0.012005 0.0249412 0.53655
0 0.64367 0.464524 0.0146281 0.0299675 0.533051
0 0.346172 0.577126 0.0172702 0.0268814 0.510186
1 0.516234 0.0243441 0.0315031 0.0486882 0.446049
0 0.664655 0.471005 0.0123798 0.0241564 0.39332
0 0.362332 0.584899 0.0141426 0.0252745 0.361165
1 0.349628 0.625535 0.015237 0.0292252 0.334017
1 0.371416 0.606085 0.0158236 0.0192404 0.303173
0 0.569725 0.0883057 0.0594345 0.0762907 0.677295
0 0.151632 0.509705 0.016287 0.0342082 0.663907
0 0.543177 0.956382 0.0354017 0.0574627 0.641373
0 0.367658 0.457137 0.0117648 0.0246544 0.573819
0 0.34617 0.577109 0.0170362 0.0265463 0.549111
0 0.643711 0.464484 0.0143985 0.0297765 0.502258
0 0.362384 0.58486 0.013997 0.0251761 0.378358
0 0.664649 0.470959 0.0122787 0.0241706 0.370939
1 0.349624 0.625484 0.0148472 0.0288789 0.309286
0 0.190084 0.527851 0.0124483 0.0233936 0.300154
1 0.516303 0.024683 0.0317767 0.049366 0.298351
1 0.371397 0.606068 0.0157013 0.0191911 0.281672
0 0.569725 0.0883057 0.0594345 0.0762907 0.677295
0 0.151632 0.509705 0.016287 0.0342082 0.663907
0 0.543177 0.956382 0.0354017 0.0574627 0.641373
0 0.367658 0.457137 0.0117648 0.0246544 0.573819
0 0.34617 0.577109 0.0170362 0.0265463 0.549111
0 0.643711 0.464484 0.0143985 0.0297765 0.502258
0 0.362384 0.58486 0.013997 0.0251761 0.378358
0 0.664649 0.470959 0.0122787 0.0241706 0.370939
1 0.349624 0.625484 0.0148472 0.0288789 0.309286
0 0.190084 0.527851 0.0124483 0.0233936 0.300154
1 0.516303 0.024683 0.0317767 0.049366 0.298351
1 0.371397 0.606068 0.0157013 0.0191911 0.281672
0 0.569725 0.0883057 0.0594345 0.0762907 0.677295
0 0.151632 0.509705 0.016287 0.0342082 0.663907
0 0.543177 0.956382 0.0354017 0.0574627 0.641373
0 0.367658 0.457137 0.0117648 0.0246544 0.573819
0 0.34617 0.577109 0.0170362 0.0265463 0.549111
0 0.643711 0.464484 0.0143985 0.0297765 0.502258
0 0.362384 0.58486 0.013997 0.0251761 0.378358
0 0.664649 0.470959 0.0122787 0.0241706 0.370939
1 0.349624 0.625484 0.0148472 0.0288789 0.309286
0 0.190084 0.527851 0.0124483 0.0233936 0.300154
1 0.516303 0.024683 0.0317767 0.049366 0.298351
1 0.371397 0.606068 0.0157013 0.0191911 0.281672
