3 0.725804 0.560512 0.0406728 0.0664971 0.862217
2 0.435577 0.662576 0.0253407 0.0432066 0.789095
1 0.692687 0.861045 0.0386848 0.051862 0.760884
1 0.72315 0.821924 0.0305023 0.0587222 0.74675
2 0.424405 0.709589 0.028219 0.0439223 0.705415
3 0.517993 0.36763 0.032057 0.0423091 0.694048
0 0.759628 0.766123 0.0264336 0.0448705 0.658161
0 0.870459 0.606127 0.0180351 0.0263146 0.564579
0 0.897183 0.600869 0.0182613 0.0278716 0.552881
0 0.705987 0.80063 0.0316211 0.0433822 0.504155
0 0.466927 0.453752 0.0183452 0.0307269 0.465865
1 0.706044 0.800548 0.0313303 0.0450207 0.411031
0 0.451495 0.497598 0.0227363 0.035919 0.407599
1 0.414634 0.668366 0.0208643 0.0328682 0.344856
1 0.892624 0.816949 0.015913 0.0319517 0.313739
2 0.749227 0.668808 0.014558 0.0240433 0.312254
3 0.725818 0.560561 0.040313 0.0661791 0.85983
2 0.435567 0.662557 0.0253356 0.0431484 0.796998
1 0.692663 0.861073 0.0388086 0.0514442 0.768554
1 0.723086 0.82193 0.0302683 0.0583316 0.748273
2 0.424349 0.709741 0.0277153 0.0433534 0.707021
3 0.517975 0.367604 0.0321165 0.0422899 0.695451
0 0.75958 0.765985 0.0264859 0.0447208 0.679477
0 0.870462 0.606102 0.0177023 0.0256148 0.580795
0 0.897166 0.600862 0.0177464 0.0272186 0.569459
0 0.70597 0.800693 0.0315477 0.0428511 0.517694
0 0.466905 0.45371 0.0181671 0.0307089 0.416644
1 0.706052 0.800586 0.0312399 0.0444835 0.403176
0 0.451454 0.497537 0.0223988 0.0356664 0.393571
2 0.749229 0.668749 0.0146162 0.0240129 0.321351
1 0.414674 0.668273 0.0207024 0.0326702 0.296789
1 0.892527 0.816827 0.0158985 0.0319728 0.261729
3 0.725818 0.560561 0.040313 0.0661791 0.85983
2 0.435567 0.662557 0.0253356 0.0431484 0.796998
1 0.692663 0.861073 0.0388086 0.0514442 0.768554
1 0.723086 0.82193 0.0302683 0.0583316 0.748273
2 0.424349 0.709741 0.0277153 0.0433534 0.707021
3 0.517975 0.367604 0.0321165 0.0422899 0.695451
0 0.75958 0.765985 0.0264859 0.0447208 0.679477
0 0.870462 0.606102 0.0177023 0.0256148 0.580795
0 0.897166 0.600862 0.0177464 0.0272186 0.569459
0 0.70597 0.800693 0.0315477 0.0428511 0.517694
0 0.466905 0.45371 0.0181671 0.0307089 0.416644
1 0.706052 0.800586 0.0312399 0.0444835 0.403176
0 0.451454 0.497537 0.0223988 0.0356664 0.393571
2 0.749229 0.668749 0.0146162 0.0240129 0.321351
1 0.414674 0.668273 0.0207024 0.0326702 0.296789
1 0.892527 0.816827 0.0158985 0.0319728 0.261729
3 0.725818 0.560561 0.040313 0.0661791 0.85983
2 0.435567 0.662557 0.0253356 0.0431484 0.796998
1 0.692663 0.861073 0.0388086 0.0514442 0.768554
1 0.723086 0.82193 0.0302683 0.0583316 0.748273
2 0.424349 0.709741 0.0277153 0.0433534 0.707021
3 0.517975 0.367604 0.0321165 0.0422899 0.695451
0 0.75958 0.765985 0.0264859 0.0447208 0.679477
0 0.870462 0.606102 0.0177023 0.0256148 0.580795
0 0.897166 0.600862 0.0177464 0.0272186 0.569459
0 0.70597 0.800693 0.0315477 0.0428511 0.517694
0 0.466905 0.45371 0.0181671 0.0307089 0.416644
1 0.706052 0.800586 0.0312399 0.0444835 0.403176
0 0.451454 0.497537 0.0223988 0.0356664 0.393571
2 0.749229 0.668749 0.0146162 0.0240129 0.321351
1 0.414674 0.668273 0.0207024 0.0326702 0.296789
1 0.892527 0.816827 0.0158985 0.0319728 0.261729
