0 0.489517 0.659028 0.0749634 0.0777818 0.790556
3 0.162906 0.264047 0.032224 0.0720751 0.443702
1 0.0228183 0.608859 0.0231617 0.0367718 0.346215
0 0.488885 0.658644 0.0733271 0.0777621 0.788249
3 0.163064 0.263748 0.0320991 0.0725379 0.443617
1 0.0227211 0.608965 0.0231239 0.0367882 0.343243
0 0.488885 0.658644 0.0733271 0.0777621 0.788249
3 0.163064 0.263748 0.0320991 0.0725379 0.443617
1 0.0227211 0.608965 0.0231239 0.0367882 0.343243
0 0.488885 0.658644 0.0733271 0.0777621 0.788249
3 0.163064 0.263748 0.0320991 0.0725379 0.443617
1 0.0227211 0.608965 0.0231239 0.0367882 0.343243
