4 0.236547 0.651339 0.472694 0.55868 0.728033
4 0.667704 0.667523 0.449899 0.55532 0.666842
4 0.461179 0.672422 0.922358 0.558192 0.434192
4 0.667875 0.671313 0.448297 0.555265 0.76401
4 0.236051 0.650455 0.47147 0.559872 0.713346
4 0.455105 0.671726 0.910211 0.564815 0.417647
4 0.667875 0.671313 0.448297 0.555265 0.76401
4 0.236051 0.650455 0.47147 0.559872 0.713346
4 0.455105 0.671726 0.910211 0.564815 0.417647
4 0.667875 0.671313 0.448297 0.555265 0.76401
4 0.236051 0.650455 0.47147 0.559872 0.713346
4 0.455105 0.671726 0.910211 0.564815 0.417647
