3 0.413938 0.297404 0.0819281 0.113826 0.880922
3 0.46374 0.597216 0.0582355 0.114684 0.370427
3 0.413935 0.297434 0.0818288 0.113186 0.876823
3 0.463802 0.597504 0.0590847 0.115078 0.530379
1 0.479548 0.487255 0.0705996 0.149678 0.256428
3 0.413935 0.297434 0.0818288 0.113186 0.876823
3 0.463802 0.597504 0.0590847 0.115078 0.530379
1 0.479548 0.487255 0.0705996 0.149678 0.256428
3 0.413935 0.297434 0.0818288 0.113186 0.876823
3 0.463802 0.597504 0.0590847 0.115078 0.530379
1 0.479548 0.487255 0.0705996 0.149678 0.256428
