1 0.327028 0.181049 0.0451613 0.0774377 0.859412
1 0.509372 0.527486 0.0555281 0.106078 0.855211
1 0.375512 0.229878 0.0491901 0.0930183 0.84823
1 0.411691 0.356464 0.0492472 0.0920659 0.797343
1 0.657498 0.545226 0.0363906 0.0899215 0.79143
1 0.576132 0.216525 0.0388144 0.0953462 0.791119
1 0.602442 0.181363 0.040562 0.0876332 0.741542
0 0.802644 0.410156 0.0238444 0.036474 0.708251
0 0.487136 0.278595 0.0552502 0.071379 0.666324
0 0.608619 0.478335 0.0373587 0.0436257 0.639972
0 0.797934 0.5244 0.020514 0.0339798 0.616362
0 0.445993 0.484835 0.0358421 0.055694 0.614817
0 0.696161 0.500364 0.0303865 0.024403 0.582154
0 0.444343 0.433939 0.0430115 0.0622198 0.573278
0 0.619525 0.304221 0.0356806 0.0529095 0.554377
1 0.690561 0.545845 0.0221795 0.0455537 0.551231
1 0.444073 0.434128 0.0426102 0.0629143 0.391667
0 0.690669 0.545236 0.0242412 0.0449256 0.379194
1 0.327065 0.180888 0.0447519 0.0770269 0.854213
1 0.509415 0.527499 0.055531 0.106028 0.845488
1 0.375559 0.229843 0.0490491 0.0927036 0.838889
1 0.576155 0.216599 0.0388293 0.0952927 0.787718
1 0.411744 0.356505 0.0487428 0.0920504 0.779583
1 0.657403 0.545249 0.0365209 0.0900947 0.77931
0 0.487075 0.278627 0.0553478 0.0714617 0.757224
1 0.602475 0.181535 0.0403984 0.0872751 0.728145
0 0.802584 0.410296 0.0235889 0.0360999 0.701486
0 0.608513 0.478405 0.0377024 0.0440856 0.661326
0 0.446195 0.484856 0.0358149 0.0558387 0.623998
0 0.444427 0.434003 0.0425786 0.0622451 0.618491
0 0.696199 0.500354 0.030382 0.0243885 0.567519
0 0.61948 0.304341 0.0356001 0.0525914 0.5615
0 0.797928 0.524481 0.020447 0.0339115 0.556539
1 0.690572 0.545883 0.0221384 0.0454961 0.527657
0 0.690697 0.545245 0.0242504 0.04493 0.412106
1 0.547185 0.978419 0.0661253 0.0420823 0.311545
0 0.547205 0.196129 0.0189814 0.0358742 0.266771
1 0.327065 0.180888 0.0447519 0.0770269 0.854213
1 0.509415 0.527499 0.055531 0.106028 0.845488
1 0.375559 0.229843 0.0490491 0.0927036 0.838889
1 0.576155 0.216599 0.0388293 0.0952927 0.787718
1 0.411744 0.356505 0.0487428 0.0920504 0.779583
1 0.657403 0.545249 0.0365209 0.0900947 0.77931
0 0.487075 0.278627 0.0553478 0.0714617 0.757224
1 0.602475 0.181535 0.0403984 0.0872751 0.728145
0 0.802584 0.410296 0.0235889 0.0360999 0.701486
0 0.608513 0.478405 0.0377024 0.0440856 0.661326
0 0.446195 0.484856 0.0358149 0.0558387 0.623998
0 0.444427 0.434003 0.0425786 0.0622451 0.618491
0 0.696199 0.500354 0.030382 0.0243885 0.567519
0 0.61948 0.304341 0.0356001 0.0525914 0.5615
0 0.797928 0.524481 0.020447 0.0339115 0.556539
1 0.690572 0.545883 0.0221384 0.0454961 0.527657
0 0.690697 0.545245 0.0242504 0.04493 0.412106
1 0.547185 0.978419 0.0661253 0.0420823 0.311545
0 0.547205 0.196129 0.0189814 0.0358742 0.266771
1 0.327065 0.180888 0.0447519 0.0770269 0.854213
1 0.509415 0.527499 0.055531 0.106028 0.845488
1 0.375559 0.229843 0.0490491 0.0927036 0.838889
1 0.576155 0.216599 0.0388293 0.0952927 0.787718
1 0.411744 0.356505 0.0487428 0.0920504 0.779583
1 0.657403 0.545249 0.0365209 0.0900947 0.77931
0 0.487075 0.278627 0.0553478 0.0714617 0.757224
1 0.602475 0.181535 0.0403984 0.0872751 0.728145
0 0.802584 0.410296 0.0235889 0.0360999 0.701486
0 0.608513 0.478405 0.0377024 0.0440856 0.661326
0 0.446195 0.484856 0.0358149 0.0558387 0.623998
0 0.444427 0.434003 0.0425786 0.0622451 0.618491
0 0.696199 0.500354 0.030382 0.0243885 0.567519
0 0.61948 0.304341 0.0356001 0.0525914 0.5615
0 0.797928 0.524481 0.020447 0.0339115 0.556539
1 0.690572 0.545883 0.0221384 0.0454961 0.527657
0 0.690697 0.545245 0.0242504 0.04493 0.412106
1 0.547185 0.978419 0.0661253 0.0420823 0.311545
0 0.547205 0.196129 0.0189814 0.0358742 0.266771
