3 0.716161 0.501063 0.0555075 0.0659472 0.854316
2 0.296904 0.2155 0.0390368 0.0709591 0.844817
2 0.527101 0.248217 0.0461386 0.0913352 0.736029
1 0.365817 0.185722 0.0230508 0.0391993 0.518621
0 0.365992 0.185774 0.0231982 0.0405038 0.325955
3 0.716127 0.501016 0.0551557 0.065544 0.861021
2 0.296952 0.215503 0.0385521 0.0702918 0.846235
2 0.527174 0.248133 0.0461924 0.0910807 0.72168
1 0.365797 0.185678 0.0225528 0.0388446 0.543192
0 0.36602 0.185722 0.0224968 0.0400865 0.342337
3 0.716127 0.501016 0.0551557 0.065544 0.861021
2 0.296952 0.215503 0.0385521 0.0702918 0.846235
2 0.527174 0.248133 0.0461924 0.0910807 0.72168
1 0.365797 0.185678 0.0225528 0.0388446 0.543192
0 0.36602 0.185722 0.0224968 0.0400865 0.342337
3 0.716127 0.501016 0.0551557 0.065544 0.861021
2 0.296952 0.215503 0.0385521 0.0702918 0.846235
2 0.527174 0.248133 0.0461924 0.0910807 0.72168
1 0.365797 0.185678 0.0225528 0.0388446 0.543192
0 0.36602 0.185722 0.0224968 0.0400865 0.342337
