0 0.158917 0.815708 0.050917 0.0759453 0.770684
0 0.140188 0.830626 0.0364581 0.0624125 0.629109
0 0.0165285 0.474194 0.0330571 0.0897099 0.393086
0 0.158751 0.816156 0.0501362 0.075051 0.754346
0 0.140387 0.831082 0.0361977 0.0623698 0.63082
0 0.016298 0.474139 0.0325961 0.0889151 0.354753
0 0.158751 0.816156 0.0501362 0.075051 0.754346
0 0.140387 0.831082 0.0361977 0.0623698 0.63082
0 0.016298 0.474139 0.0325961 0.0889151 0.354753
0 0.158751 0.816156 0.0501362 0.075051 0.754346
0 0.140387 0.831082 0.0361977 0.0623698 0.63082
0 0.016298 0.474139 0.0325961 0.0889151 0.354753
