1 0.133719 0.774105 0.0654443 0.110523 0.839092
1 0.303596 0.2767 0.0870808 0.134672 0.83174
0 0.328627 0.699041 0.0249113 0.0315181 0.61586
0 0.319782 0.667631 0.0265412 0.0268794 0.599812
2 0.84849 0.726298 0.0168983 0.0255908 0.565509
2 0.835412 0.670852 0.0167699 0.0268383 0.549521
1 0.747183 0.578758 0.020416 0.0274529 0.52863
1 0.828402 0.583345 0.0155403 0.0259485 0.524666
1 0.82626 0.630373 0.0163704 0.0272416 0.517567
0 0.0204387 0.11348 0.0326443 0.0623649 0.466018
1 0.814595 0.6411 0.0143467 0.0241454 0.40048
0 0.309702 0.740789 0.0254011 0.0374246 0.395159
0 0.0121876 0.676849 0.0243722 0.12015 0.330623
1 0.133756 0.774005 0.0650375 0.110073 0.836056
1 0.303508 0.276814 0.0863131 0.134992 0.830654
0 0.328585 0.699043 0.0244214 0.0310088 0.615645
0 0.319754 0.667657 0.0262778 0.0264407 0.596071
2 0.84846 0.726287 0.0169617 0.025693 0.579319
2 0.835397 0.670808 0.0167657 0.0267895 0.562573
1 0.747178 0.578813 0.0204292 0.0275407 0.525874
1 0.826199 0.630414 0.0161621 0.0267573 0.511952
1 0.828412 0.583359 0.0155449 0.0258976 0.502257
0 0.0204498 0.113529 0.0328506 0.0625191 0.437256
1 0.814589 0.641201 0.0141148 0.0234527 0.405613
0 0.309662 0.740638 0.0253064 0.0372425 0.3956
3 0.788202 0.0928709 0.0212829 0.0324757 0.302284
1 0.504076 0.640278 0.014142 0.0174492 0.296214
1 0.495741 0.704302 0.0172795 0.0195113 0.282481
1 0.0101931 0.676305 0.020331 0.115547 0.262867
1 0.133756 0.774005 0.0650375 0.110073 0.836056
1 0.303508 0.276814 0.0863131 0.134992 0.830654
0 0.328585 0.699043 0.0244214 0.0310088 0.615645
0 0.319754 0.667657 0.0262778 0.0264407 0.596071
2 0.84846 0.726287 0.0169617 0.025693 0.579319
2 0.835397 0.670808 0.0167657 0.0267895 0.562573
1 0.747178 0.578813 0.0204292 0.0275407 0.525874
1 0.826199 0.630414 0.0161621 0.0267573 0.511952
1 0.828412 0.583359 0.0155449 0.0258976 0.502257
0 0.0204498 0.113529 0.0328506 0.0625191 0.437256
1 0.814589 0.641201 0.0141148 0.0234527 0.405613
0 0.309662 0.740638 0.0253064 0.0372425 0.3956
3 0.788202 0.0928709 0.0212829 0.0324757 0.302284
1 0.504076 0.640278 0.014142 0.0174492 0.296214
1 0.495741 0.704302 0.0172795 0.0195113 0.282481
1 0.0101931 0.676305 0.020331 0.115547 0.262867
1 0.133756 0.774005 0.0650375 0.110073 0.836056
1 0.303508 0.276814 0.0863131 0.134992 0.830654
0 0.328585 0.699043 0.0244214 0.0310088 0.615645
0 0.319754 0.667657 0.0262778 0.0264407 0.596071
2 0.84846 0.726287 0.0169617 0.025693 0.579319
2 0.835397 0.670808 0.0167657 0.0267895 0.562573
1 0.747178 0.578813 0.0204292 0.0275407 0.525874
1 0.826199 0.630414 0.0161621 0.0267573 0.511952
1 0.828412 0.583359 0.0155449 0.0258976 0.502257
0 0.0204498 0.113529 0.0328506 0.0625191 0.437256
1 0.814589 0.641201 0.0141148 0.0234527 0.405613
0 0.309662 0.740638 0.0253064 0.0372425 0.3956
3 0.788202 0.0928709 0.0212829 0.0324757 0.302284
1 0.504076 0.640278 0.014142 0.0174492 0.296214
1 0.495741 0.704302 0.0172795 0.0195113 0.282481
1 0.0101931 0.676305 0.020331 0.115547 0.262867
