0 0.756592 0.408757 0.0372703 0.0283769 0.746478
0 0.310661 0.811522 0.0819898 0.134869 0.727303
0 0.756863 0.426865 0.0409478 0.0321931 0.711981
0 0.732974 0.432538 0.0198504 0.0373548 0.647507
0 0.756591 0.408705 0.0376539 0.0288323 0.748408
0 0.31019 0.811764 0.0831109 0.135062 0.73736
0 0.756827 0.426739 0.0414362 0.0323306 0.7043
0 0.732902 0.432558 0.0200128 0.0378136 0.642504
0 0.756591 0.408705 0.0376539 0.0288323 0.748408
0 0.31019 0.811764 0.0831109 0.135062 0.73736
0 0.756827 0.426739 0.0414362 0.0323306 0.7043
0 0.732902 0.432558 0.0200128 0.0378136 0.642504
0 0.756591 0.408705 0.0376539 0.0288323 0.748408
0 0.31019 0.811764 0.0831109 0.135062 0.73736
0 0.756827 0.426739 0.0414362 0.0323306 0.7043
0 0.732902 0.432558 0.0200128 0.0378136 0.642504
