2 0.436929 0.547871 0.0533037 0.104872 0.799625
1 0.557464 0.806863 0.0459151 0.0841342 0.790451
0 0.514292 0.737961 0.0368166 0.0711092 0.738854
0 0.519161 0.811335 0.0309726 0.0701637 0.735788
1 0.400223 0.526345 0.0378002 0.0831275 0.729479
1 0.517213 0.544326 0.0547329 0.0747931 0.500452
1 0.85366 0.771261 0.0151775 0.0249609 0.408427
1 0.293999 0.815207 0.0181353 0.0224952 0.401486
2 0.851576 0.787765 0.0166158 0.0263733 0.39709
1 0.315866 0.828756 0.0164148 0.0217193 0.317226
3 0.0877848 0.447191 0.0239364 0.0510782 0.315609
2 0.436944 0.547739 0.0530842 0.104443 0.804415
1 0.557401 0.806634 0.0456184 0.0846941 0.794649
1 0.400234 0.526309 0.037617 0.0826878 0.734041
0 0.519221 0.811341 0.0304869 0.0700952 0.731535
0 0.514285 0.738007 0.0363964 0.0711704 0.718333
1 0.517009 0.543886 0.0531747 0.0726247 0.57846
1 0.853673 0.771275 0.0151478 0.0249793 0.384366
1 0.293966 0.815214 0.0181814 0.0227032 0.378605
2 0.851537 0.787735 0.0165518 0.0263607 0.35995
3 0.0877704 0.447143 0.0238805 0.0510321 0.325554
1 0.315845 0.828775 0.0162446 0.0215243 0.302208
0 0.0878582 0.447465 0.0239905 0.0518132 0.27737
2 0.436944 0.547739 0.0530842 0.104443 0.804415
1 0.557401 0.806634 0.0456184 0.0846941 0.794649
1 0.400234 0.526309 0.037617 0.0826878 0.734041
0 0.519221 0.811341 0.0304869 0.0700952 0.731535
0 0.514285 0.738007 0.0363964 0.0711704 0.718333
1 0.517009 0.543886 0.0531747 0.0726247 0.57846
1 0.853673 0.771275 0.0151478 0.0249793 0.384366
1 0.293966 0.815214 0.0181814 0.0227032 0.378605
2 0.851537 0.787735 0.0165518 0.0263607 0.35995
3 0.0877704 0.447143 0.0238805 0.0510321 0.325554
1 0.315845 0.828775 0.0162446 0.0215243 0.302208
0 0.0878582 0.447465 0.0239905 0.0518132 0.27737
2 0.436944 0.547739 0.0530842 0.104443 0.804415
1 0.557401 0.806634 0.0456184 0.0846941 0.794649
1 0.400234 0.526309 0.037617 0.0826878 0.734041
0 0.519221 0.811341 0.0304869 0.0700952 0.731535
0 0.514285 0.738007 0.0363964 0.0711704 0.718333
1 0.517009 0.543886 0.0531747 0.0726247 0.57846
1 0.853673 0.771275 0.0151478 0.0249793 0.384366
1 0.293966 0.815214 0.0181814 0.0227032 0.378605
2 0.851537 0.787735 0.0165518 0.0263607 0.35995
3 0.0877704 0.447143 0.0238805 0.0510321 0.325554
1 0.315845 0.828775 0.0162446 0.0215243 0.302208
0 0.0878582 0.447465 0.0239905 0.0518132 0.27737
