0 0.433384 0.88642 0.0496495 0.0456832 0.755727
0 0.109096 0.879766 0.0811195 0.0592197 0.674169
0 0.463506 0.944085 0.0780314 0.0520108 0.636611
0 0.20942 0.849287 0.055777 0.0560007 0.609893
0 0.110901 0.807974 0.0546479 0.0521727 0.607484
1 0.182947 0.962639 0.0633733 0.0681134 0.522799
3 0.110809 0.807552 0.0544948 0.0528253 0.358715
0 0.182216 0.962624 0.0656515 0.0679868 0.300786
0 0.433464 0.886527 0.0493986 0.0455379 0.756705
0 0.109168 0.879735 0.0803771 0.0586528 0.667458
1 0.182687 0.963727 0.0632237 0.0697778 0.628358
0 0.463519 0.944401 0.0781021 0.0522778 0.624207
0 0.209447 0.849267 0.0554382 0.0557859 0.613985
0 0.110874 0.807897 0.0542259 0.05193 0.607421
3 0.110774 0.807489 0.0540865 0.0526261 0.347617
0 0.433464 0.886527 0.0493986 0.0455379 0.756705
0 0.109168 0.879735 0.0803771 0.0586528 0.667458
1 0.182687 0.963727 0.0632237 0.0697778 0.628358
0 0.463519 0.944401 0.0781021 0.0522778 0.624207
0 0.209447 0.849267 0.0554382 0.0557859 0.613985
0 0.110874 0.807897 0.0542259 0.05193 0.607421
3 0.110774 0.807489 0.0540865 0.0526261 0.347617
0 0.433464 0.886527 0.0493986 0.0455379 0.756705
0 0.109168 0.879735 0.0803771 0.0586528 0.667458
1 0.182687 0.963727 0.0632237 0.0697778 0.628358
0 0.463519 0.944401 0.0781021 0.0522778 0.624207
0 0.209447 0.849267 0.0554382 0.0557859 0.613985
0 0.110874 0.807897 0.0542259 0.05193 0.607421
3 0.110774 0.807489 0.0540865 0.0526261 0.347617
