0 0.585144 0.591307 0.0378471 0.0694626 0.832605
2 0.659029 0.608424 0.0519325 0.0891595 0.801786
2 0.402562 0.489865 0.0408329 0.0828481 0.770187
2 0.654561 0.463672 0.0403556 0.0751615 0.740701
3 0.529297 0.714643 0.0358765 0.0736258 0.668585
0 0.585142 0.591282 0.0375135 0.0691571 0.831869
2 0.659163 0.60838 0.0517757 0.0896666 0.805558
2 0.40237 0.489944 0.041065 0.0826408 0.769692
2 0.654584 0.463613 0.0398883 0.0749061 0.743748
3 0.529374 0.713816 0.0356115 0.0710665 0.694553
0 0.585142 0.591282 0.0375135 0.0691571 0.831869
2 0.659163 0.60838 0.0517757 0.0896666 0.805558
2 0.40237 0.489944 0.041065 0.0826408 0.769692
2 0.654584 0.463613 0.0398883 0.0749061 0.743748
3 0.529374 0.713816 0.0356115 0.0710665 0.694553
0 0.585142 0.591282 0.0375135 0.0691571 0.831869
2 0.659163 0.60838 0.0517757 0.0896666 0.805558
2 0.40237 0.489944 0.041065 0.0826408 0.769692
2 0.654584 0.463613 0.0398883 0.0749061 0.743748
3 0.529374 0.713816 0.0356115 0.0710665 0.694553
