1 0.40102 0.156218 0.10223 0.138035 0.890767
0 0.67578 0.813766 0.0465405 0.074186 0.80236
0 0.53044 0.16337 0.0550661 0.0573902 0.770407
0 0.551657 0.448749 0.0723875 0.100465 0.732866
1 0.416538 0.0717451 0.0565778 0.0833823 0.730821
0 0.506157 0.080714 0.0331822 0.0442624 0.70981
0 0.654573 0.825983 0.030047 0.0595435 0.699913
0 0.511352 0.0495806 0.0506145 0.0284855 0.685198
1 0.499124 0.616894 0.0448584 0.0977872 0.494597
0 0.631099 0.539353 0.049794 0.0404804 0.476784
1 0.401297 0.156111 0.102722 0.137591 0.887298
0 0.675787 0.814141 0.0460237 0.0736554 0.80106
0 0.530226 0.162477 0.0536938 0.0577432 0.781508
0 0.551744 0.448476 0.0728502 0.101017 0.740894
1 0.415675 0.0724838 0.0598223 0.0836173 0.71964
0 0.654604 0.825912 0.0299934 0.0588551 0.703614
0 0.50614 0.0808441 0.0338097 0.0444045 0.702669
0 0.511051 0.0495797 0.0517056 0.0288763 0.662296
1 0.498904 0.616983 0.0442245 0.0972468 0.505219
0 0.630941 0.539327 0.0498161 0.0404953 0.503154
1 0.401297 0.156111 0.102722 0.137591 0.887298
0 0.675787 0.814141 0.0460237 0.0736554 0.80106
0 0.530226 0.162477 0.0536938 0.0577432 0.781508
0 0.551744 0.448476 0.0728502 0.101017 0.740894
1 0.415675 0.0724838 0.0598223 0.0836173 0.71964
0 0.654604 0.825912 0.0299934 0.0588551 0.703614
0 0.50614 0.0808441 0.0338097 0.0444045 0.702669
0 0.511051 0.0495797 0.0517056 0.0288763 0.662296
1 0.498904 0.616983 0.0442245 0.0972468 0.505219
0 0.630941 0.539327 0.0498161 0.0404953 0.503154
1 0.401297 0.156111 0.102722 0.137591 0.887298
0 0.675787 0.814141 0.0460237 0.0736554 0.80106
0 0.530226 0.162477 0.0536938 0.0577432 0.781508
0 0.551744 0.448476 0.0728502 0.101017 0.740894
1 0.415675 0.0724838 0.0598223 0.0836173 0.71964
0 0.654604 0.825912 0.0299934 0.0588551 0.703614
0 0.50614 0.0808441 0.0338097 0.0444045 0.702669
0 0.511051 0.0495797 0.0517056 0.0288763 0.662296
1 0.498904 0.616983 0.0442245 0.0972468 0.505219
0 0.630941 0.539327 0.0498161 0.0404953 0.503154
