3 0.706146 0.713457 0.0588482 0.127697 0.804944
3 0.710452 0.545676 0.066404 0.0882628 0.797948
3 0.599899 0.129987 0.0546415 0.107764 0.786506
3 0.52601 0.221829 0.0379961 0.0709326 0.777991
3 0.257943 0.122838 0.0318084 0.0756928 0.775098
3 0.538191 0.117596 0.046291 0.0735435 0.749834
3 0.594794 0.878621 0.0579712 0.0975816 0.749304
1 0.628534 0.447412 0.0388844 0.085843 0.745055
3 0.284623 0.139248 0.0389168 0.0866167 0.743644
2 0.924142 0.0331338 0.0539806 0.0662676 0.743175
3 0.217734 0.143247 0.0369364 0.0848735 0.735682
2 0.714936 0.0317711 0.0491187 0.0635421 0.734227
3 0.49003 0.178729 0.036614 0.0707735 0.719646
3 0.832506 0.621328 0.0285723 0.0608952 0.707425
3 0.761013 0.642687 0.0297377 0.0706012 0.702299
2 0.592164 0.501554 0.0344627 0.0608122 0.700232
2 0.553464 0.442371 0.0311623 0.0516257 0.694633
3 0.416037 0.167757 0.04776 0.127794 0.694583
2 0.546039 0.635077 0.0304388 0.0486002 0.681808
2 0.242477 0.445368 0.0190277 0.0389671 0.660123
3 0.458252 0.160932 0.035462 0.101152 0.631247
2 0.331749 0.183467 0.0366586 0.0768006 0.598287
2 0.624089 0.753195 0.0267147 0.0425636 0.473461
2 0.627612 0.56977 0.0287642 0.0468724 0.349379
3 0.706236 0.713548 0.0586928 0.127066 0.814131
3 0.710475 0.545478 0.0669432 0.0891153 0.805171
3 0.600137 0.130082 0.0558678 0.10917 0.791879
3 0.257952 0.12285 0.0320194 0.0760333 0.783256
3 0.594694 0.878733 0.0581102 0.0985397 0.782825
3 0.525884 0.221801 0.0375872 0.0707747 0.771966
3 0.538139 0.117987 0.0461084 0.0731571 0.749827
3 0.284684 0.139192 0.0393559 0.0872206 0.746941
2 0.715015 0.0320687 0.0505035 0.0624657 0.744052
1 0.628483 0.447134 0.0390055 0.0853678 0.740391
3 0.217827 0.143173 0.0378718 0.0838259 0.735108
3 0.48998 0.178362 0.0367386 0.0714408 0.730562
2 0.924097 0.0342737 0.0585415 0.0671285 0.707391
3 0.760942 0.642505 0.0299267 0.0709236 0.707265
2 0.592212 0.501523 0.0345032 0.0602692 0.70433
3 0.832432 0.621091 0.0288862 0.0613983 0.704178
3 0.415951 0.167818 0.0476151 0.127591 0.700083
2 0.553527 0.442284 0.0311082 0.0513226 0.695481
2 0.545959 0.635064 0.0307013 0.0489685 0.681699
2 0.331604 0.183593 0.0375813 0.0771104 0.656207
2 0.242493 0.445359 0.0189774 0.038962 0.654822
3 0.458216 0.163454 0.0353081 0.0964903 0.654476
2 0.624186 0.753093 0.0264404 0.0421962 0.39814
2 0.62758 0.569943 0.0286289 0.0467072 0.266748
3 0.706236 0.713548 0.0586928 0.127066 0.814131
3 0.710475 0.545478 0.0669432 0.0891153 0.805171
3 0.600137 0.130082 0.0558678 0.10917 0.791879
3 0.257952 0.12285 0.0320194 0.0760333 0.783256
3 0.594694 0.878733 0.0581102 0.0985397 0.782825
3 0.525884 0.221801 0.0375872 0.0707747 0.771966
3 0.538139 0.117987 0.0461084 0.0731571 0.749827
3 0.284684 0.139192 0.0393559 0.0872206 0.746941
2 0.715015 0.0320687 0.0505035 0.0624657 0.744052
1 0.628483 0.447134 0.0390055 0.0853678 0.740391
3 0.217827 0.143173 0.0378718 0.0838259 0.735108
3 0.48998 0.178362 0.0367386 0.0714408 0.730562
2 0.924097 0.0342737 0.0585415 0.0671285 0.707391
3 0.760942 0.642505 0.0299267 0.0709236 0.707265
2 0.592212 0.501523 0.0345032 0.0602692 0.70433
3 0.832432 0.621091 0.0288862 0.0613983 0.704178
3 0.415951 0.167818 0.0476151 0.127591 0.700083
2 0.553527 0.442284 0.0311082 0.0513226 0.695481
2 0.545959 0.635064 0.0307013 0.0489685 0.681699
2 0.331604 0.183593 0.0375813 0.0771104 0.656207
2 0.242493 0.445359 0.0189774 0.038962 0.654822
3 0.458216 0.163454 0.0353081 0.0964903 0.654476
2 0.624186 0.753093 0.0264404 0.0421962 0.39814
2 0.62758 0.569943 0.0286289 0.0467072 0.266748
3 0.706236 0.713548 0.0586928 0.127066 0.814131
3 0.710475 0.545478 0.0669432 0.0891153 0.805171
3 0.600137 0.130082 0.0558678 0.10917 0.791879
3 0.257952 0.12285 0.0320194 0.0760333 0.783256
3 0.594694 0.878733 0.0581102 0.0985397 0.782825
3 0.525884 0.221801 0.0375872 0.0707747 0.771966
3 0.538139 0.117987 0.0461084 0.0731571 0.749827
3 0.284684 0.139192 0.0393559 0.0872206 0.746941
2 0.715015 0.0320687 0.0505035 0.0624657 0.744052
1 0.628483 0.447134 0.0390055 0.0853678 0.740391
3 0.217827 0.143173 0.0378718 0.0838259 0.735108
3 0.48998 0.178362 0.0367386 0.0714408 0.730562
2 0.924097 0.0342737 0.0585415 0.0671285 0.707391
3 0.760942 0.642505 0.0299267 0.0709236 0.707265
2 0.592212 0.501523 0.0345032 0.0602692 0.70433
3 0.832432 0.621091 0.0288862 0.0613983 0.704178
3 0.415951 0.167818 0.0476151 0.127591 0.700083
2 0.553527 0.442284 0.0311082 0.0513226 0.695481
2 0.545959 0.635064 0.0307013 0.0489685 0.681699
2 0.331604 0.183593 0.0375813 0.0771104 0.656207
2 0.242493 0.445359 0.0189774 0.038962 0.654822
3 0.458216 0.163454 0.0353081 0.0964903 0.654476
2 0.624186 0.753093 0.0264404 0.0421962 0.39814
2 0.62758 0.569943 0.0286289 0.0467072 0.266748
