0 0.468351 0.81995 0.0196854 0.0415715 0.766322
0 0.594199 0.891172 0.0486277 0.0777883 0.726409
0 0.446111 0.819379 0.0242744 0.0493979 0.650992
0 0.0765314 0.818707 0.0430855 0.0894925 0.619612
0 0.468379 0.820008 0.0198233 0.0418074 0.770176
0 0.594248 0.891472 0.0484598 0.077073 0.755071
0 0.446175 0.819425 0.0243075 0.0494169 0.664461
0 0.0765071 0.819008 0.0422741 0.0886214 0.653809
0 0.468379 0.820008 0.0198233 0.0418074 0.770176
0 0.594248 0.891472 0.0484598 0.077073 0.755071
0 0.446175 0.819425 0.0243075 0.0494169 0.664461
0 0.0765071 0.819008 0.0422741 0.0886214 0.653809
0 0.468379 0.820008 0.0198233 0.0418074 0.770176
0 0.594248 0.891472 0.0484598 0.077073 0.755071
0 0.446175 0.819425 0.0243075 0.0494169 0.664461
0 0.0765071 0.819008 0.0422741 0.0886214 0.653809
