3 0.2901 0.736956 0.0534664 0.0962637 0.849609
2 0.910569 0.674044 0.070491 0.109602 0.794562
1 0.89164 0.766187 0.0656181 0.119327 0.766808
3 0.355378 0.760048 0.0318726 0.0618759 0.724237
2 0.872401 0.279031 0.0284409 0.0531195 0.698906
1 0.499914 0.791856 0.0552219 0.105879 0.696166
2 0.637458 0.733159 0.0538456 0.0800409 0.619861
3 0.638139 0.338897 0.0417839 0.0776789 0.598627
1 0.772902 0.727629 0.0610587 0.0538494 0.590546
1 0.273762 0.167413 0.066903 0.0647865 0.590118
2 0.855761 0.311067 0.0428375 0.0599163 0.566882
2 0.991322 0.168289 0.0173553 0.0591808 0.496794
3 0.217918 0.824404 0.0359014 0.0726187 0.482737
3 0.290204 0.736971 0.0536562 0.0962154 0.851332
2 0.910279 0.673897 0.070508 0.108727 0.794618
1 0.891514 0.76601 0.0650013 0.117482 0.788296
3 0.355417 0.760182 0.032138 0.0618472 0.718139
1 0.499712 0.791172 0.0550722 0.105296 0.692345
2 0.872476 0.278953 0.0280434 0.0524556 0.691305
1 0.2738 0.167705 0.0679543 0.0661971 0.641885
3 0.637908 0.33814 0.0394921 0.0749803 0.622792
2 0.637506 0.733551 0.0532168 0.0786795 0.602678
1 0.77315 0.727728 0.0610152 0.0534914 0.574947
2 0.855609 0.311811 0.0425799 0.0588655 0.565444
2 0.99126 0.168288 0.0174809 0.0595322 0.497231
3 0.217714 0.823398 0.0347537 0.0729649 0.450849
2 0.645358 0.0808497 0.0462292 0.094068 0.268144
0 0.924805 0.386667 0.0255943 0.0540442 0.264544
2 0.581231 0.140551 0.0384523 0.0714055 0.251161
3 0.290204 0.736971 0.0536562 0.0962154 0.851332
2 0.910279 0.673897 0.070508 0.108727 0.794618
1 0.891514 0.76601 0.0650013 0.117482 0.788296
3 0.355417 0.760182 0.032138 0.0618472 0.718139
1 0.499712 0.791172 0.0550722 0.105296 0.692345
2 0.872476 0.278953 0.0280434 0.0524556 0.691305
1 0.2738 0.167705 0.0679543 0.0661971 0.641885
3 0.637908 0.33814 0.0394921 0.0749803 0.622792
2 0.637506 0.733551 0.0532168 0.0786795 0.602678
1 0.77315 0.727728 0.0610152 0.0534914 0.574947
2 0.855609 0.311811 0.0425799 0.0588655 0.565444
2 0.99126 0.168288 0.0174809 0.0595322 0.497231
3 0.217714 0.823398 0.0347537 0.0729649 0.450849
2 0.645358 0.0808497 0.0462292 0.094068 0.268144
0 0.924805 0.386667 0.0255943 0.0540442 0.264544
2 0.581231 0.140551 0.0384523 0.0714055 0.251161
3 0.290204 0.736971 0.0536562 0.0962154 0.851332
2 0.910279 0.673897 0.070508 0.108727 0.794618
1 0.891514 0.76601 0.0650013 0.117482 0.788296
3 0.355417 0.760182 0.032138 0.0618472 0.718139
1 0.499712 0.791172 0.0550722 0.105296 0.692345
2 0.872476 0.278953 0.0280434 0.0524556 0.691305
1 0.2738 0.167705 0.0679543 0.0661971 0.641885
3 0.637908 0.33814 0.0394921 0.0749803 0.622792
2 0.637506 0.733551 0.0532168 0.0786795 0.602678
1 0.77315 0.727728 0.0610152 0.0534914 0.574947
2 0.855609 0.311811 0.0425799 0.0588655 0.565444
2 0.99126 0.168288 0.0174809 0.0595322 0.497231
3 0.217714 0.823398 0.0347537 0.0729649 0.450849
2 0.645358 0.0808497 0.0462292 0.094068 0.268144
0 0.924805 0.386667 0.0255943 0.0540442 0.264544
2 0.581231 0.140551 0.0384523 0.0714055 0.251161
