2 0.21136 0.260892 0.0307675 0.0545599 0.756762
2 0.325097 0.0807457 0.0359974 0.0493551 0.746753
2 0.352033 0.120842 0.0359282 0.0537371 0.717135
2 0.211369 0.261028 0.030608 0.0544884 0.748387
2 0.3253 0.0807938 0.0355623 0.0475987 0.747166
2 0.351971 0.120771 0.0353692 0.0527324 0.715241
3 0.166587 0.173812 0.0154953 0.0269439 0.297964
2 0.211369 0.261028 0.030608 0.0544884 0.748387
2 0.3253 0.0807938 0.0355623 0.0475987 0.747166
2 0.351971 0.120771 0.0353692 0.0527324 0.715241
3 0.166587 0.173812 0.0154953 0.0269439 0.297964
2 0.211369 0.261028 0.030608 0.0544884 0.748387
2 0.3253 0.0807938 0.0355623 0.0475987 0.747166
2 0.351971 0.120771 0.0353692 0.0527324 0.715241
3 0.166587 0.173812 0.0154953 0.0269439 0.297964
