0 0.536571 0.604348 0.0339852 0.0503359 0.78734
1 0.638584 0.501412 0.0401129 0.0595224 0.760012
2 0.542215 0.639186 0.0270578 0.0346006 0.700389
1 0.54991 0.675287 0.0329023 0.0541527 0.55403
0 0.549798 0.675155 0.0333103 0.0550072 0.478122
0 0.466239 0.597169 0.0220114 0.0287364 0.428426
0 0.536629 0.604298 0.0338023 0.0502867 0.787179
1 0.638483 0.501277 0.0406588 0.0599102 0.761946
2 0.542215 0.639145 0.0269144 0.0345229 0.701079
1 0.550018 0.675174 0.03256 0.0538472 0.596191
0 0.466224 0.597056 0.0220238 0.0287915 0.446969
0 0.549919 0.674982 0.0328493 0.0546152 0.4178
0 0.465481 0.574458 0.0217431 0.0299701 0.335958
0 0.536629 0.604298 0.0338023 0.0502867 0.787179
1 0.638483 0.501277 0.0406588 0.0599102 0.761946
2 0.542215 0.639145 0.0269144 0.0345229 0.701079
1 0.550018 0.675174 0.03256 0.0538472 0.596191
0 0.466224 0.597056 0.0220238 0.0287915 0.446969
0 0.549919 0.674982 0.0328493 0.0546152 0.4178
0 0.465481 0.574458 0.0217431 0.0299701 0.335958
0 0.536629 0.604298 0.0338023 0.0502867 0.787179
1 0.638483 0.501277 0.0406588 0.0599102 0.761946
2 0.542215 0.639145 0.0269144 0.0345229 0.701079
1 0.550018 0.675174 0.03256 0.0538472 0.596191
0 0.466224 0.597056 0.0220238 0.0287915 0.446969
0 0.549919 0.674982 0.0328493 0.0546152 0.4178
0 0.465481 0.574458 0.0217431 0.0299701 0.335958
