1 0.496088 0.402085 0.0492617 0.127892 0.773282
2 0.9099 0.627137 0.0372906 0.0968101 0.741699
1 0.724018 0.571527 0.0180621 0.026317 0.672078
1 0.755026 0.55443 0.0175014 0.0243422 0.59336
3 0.397941 0.814395 0.0325573 0.0568536 0.584958
1 0.838326 0.96264 0.0799668 0.0733213 0.561735
1 0.766575 0.518243 0.0129431 0.021186 0.373787
1 0.740289 0.482655 0.0176529 0.0211474 0.342433
1 0.495997 0.401746 0.0499444 0.1264 0.776266
2 0.909857 0.627169 0.0373541 0.0969952 0.740438
1 0.724003 0.571523 0.0182121 0.0264167 0.667992
1 0.755031 0.554354 0.0173595 0.0241716 0.60442
3 0.398008 0.814947 0.0328196 0.0560555 0.596741
1 0.838623 0.963859 0.0800677 0.0711083 0.58703
1 0.74022 0.482625 0.0174455 0.0212259 0.388502
1 0.766611 0.518291 0.0128554 0.021231 0.379542
1 0.754171 0.525246 0.014187 0.0263837 0.29703
1 0.495997 0.401746 0.0499444 0.1264 0.776266
2 0.909857 0.627169 0.0373541 0.0969952 0.740438
1 0.724003 0.571523 0.0182121 0.0264167 0.667992
1 0.755031 0.554354 0.0173595 0.0241716 0.60442
3 0.398008 0.814947 0.0328196 0.0560555 0.596741
1 0.838623 0.963859 0.0800677 0.0711083 0.58703
1 0.74022 0.482625 0.0174455 0.0212259 0.388502
1 0.766611 0.518291 0.0128554 0.021231 0.379542
1 0.754171 0.525246 0.014187 0.0263837 0.29703
1 0.495997 0.401746 0.0499444 0.1264 0.776266
2 0.909857 0.627169 0.0373541 0.0969952 0.740438
1 0.724003 0.571523 0.0182121 0.0264167 0.667992
1 0.755031 0.554354 0.0173595 0.0241716 0.60442
3 0.398008 0.814947 0.0328196 0.0560555 0.596741
1 0.838623 0.963859 0.0800677 0.0711083 0.58703
1 0.74022 0.482625 0.0174455 0.0212259 0.388502
1 0.766611 0.518291 0.0128554 0.021231 0.379542
1 0.754171 0.525246 0.014187 0.0263837 0.29703
