0 0.627925 0.479271 0.0364924 0.0399724 0.784287
0 0.710228 0.631195 0.0319416 0.0296751 0.751529
0 0.537083 0.452992 0.0301117 0.0298496 0.750458
0 0.799863 0.240634 0.0400854 0.0523857 0.747612
0 0.705706 0.847128 0.0341666 0.0620635 0.711042
0 0.481873 0.573985 0.053238 0.0686355 0.671121
0 0.631323 0.360916 0.0176054 0.0400166 0.666363
0 0.372714 0.343082 0.0416988 0.0348363 0.665401
0 0.606324 0.733543 0.0387665 0.0681662 0.462929
1 0.606706 0.734423 0.0368736 0.0659245 0.418069
0 0.433839 0.532312 0.02107 0.033359 0.40748
0 0.36378 0.427669 0.0277494 0.0304349 0.360052
0 0.627837 0.479336 0.036926 0.0405819 0.77811
0 0.710242 0.631195 0.0330288 0.0307445 0.747264
0 0.799864 0.240738 0.0401205 0.0524556 0.745396
0 0.537152 0.453104 0.0305058 0.0303493 0.741789
0 0.705813 0.84699 0.0347218 0.0635702 0.724177
0 0.481906 0.573952 0.0533663 0.0686883 0.663263
0 0.372607 0.343113 0.0414916 0.0344276 0.654966
0 0.631263 0.360813 0.0187907 0.0408545 0.647209
0 0.606568 0.733776 0.0401421 0.0696953 0.479274
1 0.606846 0.734769 0.0378087 0.0657987 0.37581
0 0.433857 0.532303 0.0211542 0.0334017 0.358005
0 0.363788 0.427741 0.0275372 0.0300842 0.340331
0 0.627837 0.479336 0.036926 0.0405819 0.77811
0 0.710242 0.631195 0.0330288 0.0307445 0.747264
0 0.799864 0.240738 0.0401205 0.0524556 0.745396
0 0.537152 0.453104 0.0305058 0.0303493 0.741789
0 0.705813 0.84699 0.0347218 0.0635702 0.724177
0 0.481906 0.573952 0.0533663 0.0686883 0.663263
0 0.372607 0.343113 0.0414916 0.0344276 0.654966
0 0.631263 0.360813 0.0187907 0.0408545 0.647209
0 0.606568 0.733776 0.0401421 0.0696953 0.479274
1 0.606846 0.734769 0.0378087 0.0657987 0.37581
0 0.433857 0.532303 0.0211542 0.0334017 0.358005
0 0.363788 0.427741 0.0275372 0.0300842 0.340331
0 0.627837 0.479336 0.036926 0.0405819 0.77811
0 0.710242 0.631195 0.0330288 0.0307445 0.747264
0 0.799864 0.240738 0.0401205 0.0524556 0.745396
0 0.537152 0.453104 0.0305058 0.0303493 0.741789
0 0.705813 0.84699 0.0347218 0.0635702 0.724177
0 0.481906 0.573952 0.0533663 0.0686883 0.663263
0 0.372607 0.343113 0.0414916 0.0344276 0.654966
0 0.631263 0.360813 0.0187907 0.0408545 0.647209
0 0.606568 0.733776 0.0401421 0.0696953 0.479274
1 0.606846 0.734769 0.0378087 0.0657987 0.37581
0 0.433857 0.532303 0.0211542 0.0334017 0.358005
0 0.363788 0.427741 0.0275372 0.0300842 0.340331
