2 0.523591 0.575486 0.0507161 0.0494951 0.891287
2 0.530886 0.239265 0.0357611 0.0553296 0.835821
2 0.581985 0.379651 0.0415812 0.0445716 0.784619
2 0.425973 0.518455 0.0366642 0.0559854 0.741829
3 0.165864 0.539828 0.0536328 0.0867326 0.711486
3 0.441455 0.283887 0.04405 0.062077 0.687171
2 0.32468 0.766611 0.0452055 0.073821 0.611243
2 0.424297 0.462025 0.0403378 0.0569863 0.586459
2 0.508309 0.0213823 0.043371 0.0427646 0.584194
2 0.83486 0.636964 0.0319572 0.0468673 0.454824
2 0.523584 0.575481 0.0507784 0.0496444 0.890121
2 0.53088 0.239202 0.03571 0.0554526 0.835756
2 0.581966 0.379701 0.0416674 0.0446484 0.776673
2 0.42604 0.518331 0.0366613 0.0563022 0.747477
3 0.165835 0.539486 0.0531761 0.0873934 0.70546
3 0.44137 0.283735 0.0444016 0.0632397 0.677884
2 0.324726 0.766047 0.0433585 0.0715865 0.597179
2 0.424084 0.462261 0.0393351 0.0567242 0.592526
2 0.508549 0.0221389 0.0445839 0.0442778 0.566377
2 0.834781 0.636836 0.0318678 0.0468689 0.430709
2 0.523584 0.575481 0.0507784 0.0496444 0.890121
2 0.53088 0.239202 0.03571 0.0554526 0.835756
2 0.581966 0.379701 0.0416674 0.0446484 0.776673
2 0.42604 0.518331 0.0366613 0.0563022 0.747477
3 0.165835 0.539486 0.0531761 0.0873934 0.70546
3 0.44137 0.283735 0.0444016 0.0632397 0.677884
2 0.324726 0.766047 0.0433585 0.0715865 0.597179
2 0.424084 0.462261 0.0393351 0.0567242 0.592526
2 0.508549 0.0221389 0.0445839 0.0442778 0.566377
2 0.834781 0.636836 0.0318678 0.0468689 0.430709
2 0.523584 0.575481 0.0507784 0.0496444 0.890121
2 0.53088 0.239202 0.03571 0.0554526 0.835756
2 0.581966 0.379701 0.0416674 0.0446484 0.776673
2 0.42604 0.518331 0.0366613 0.0563022 0.747477
3 0.165835 0.539486 0.0531761 0.0873934 0.70546
3 0.44137 0.283735 0.0444016 0.0632397 0.677884
2 0.324726 0.766047 0.0433585 0.0715865 0.597179
2 0.424084 0.462261 0.0393351 0.0567242 0.592526
2 0.508549 0.0221389 0.0445839 0.0442778 0.566377
2 0.834781 0.636836 0.0318678 0.0468689 0.430709
