0 0.499385 0.326274 0.0552549 0.0920286 0.830294
2 0.57479 0.222867 0.0776056 0.108308 0.830017
2 0.413835 0.316739 0.104041 0.203778 0.817102
0 0.506453 0.242158 0.0934156 0.131654 0.781909
2 0.567816 0.303275 0.0687831 0.135316 0.778523
0 0.734365 0.266598 0.0451517 0.0744868 0.745217
0 0.368764 0.120141 0.0810206 0.143061 0.73155
0 0.691765 0.317614 0.0386765 0.0503865 0.68344
2 0.57473 0.22285 0.0774679 0.107752 0.829877
0 0.49937 0.326058 0.0552269 0.0917448 0.82507
2 0.413682 0.316611 0.103892 0.202504 0.817252
0 0.734309 0.266531 0.0449751 0.0739458 0.78567
2 0.569439 0.303715 0.0675941 0.132074 0.778655
0 0.506384 0.242234 0.0933089 0.131482 0.778123
0 0.368255 0.120875 0.0823244 0.143933 0.732651
0 0.691793 0.317495 0.0383512 0.0496861 0.67684
2 0.57473 0.22285 0.0774679 0.107752 0.829877
0 0.49937 0.326058 0.0552269 0.0917448 0.82507
2 0.413682 0.316611 0.103892 0.202504 0.817252
0 0.734309 0.266531 0.0449751 0.0739458 0.78567
2 0.569439 0.303715 0.0675941 0.132074 0.778655
0 0.506384 0.242234 0.0933089 0.131482 0.778123
0 0.368255 0.120875 0.0823244 0.143933 0.732651
0 0.691793 0.317495 0.0383512 0.0496861 0.67684
2 0.57473 0.22285 0.0774679 0.107752 0.829877
0 0.49937 0.326058 0.0552269 0.0917448 0.82507
2 0.413682 0.316611 0.103892 0.202504 0.817252
0 0.734309 0.266531 0.0449751 0.0739458 0.78567
2 0.569439 0.303715 0.0675941 0.132074 0.778655
0 0.506384 0.242234 0.0933089 0.131482 0.778123
0 0.368255 0.120875 0.0823244 0.143933 0.732651
0 0.691793 0.317495 0.0383512 0.0496861 0.67684
