0 0.382237 0.476955 0.0643433 0.0643766 0.797467
1 0.488828 0.689336 0.0876724 0.0856211 0.781281
1 0.346578 0.376513 0.0863001 0.0734398 0.774789
0 0.240135 0.714624 0.0637917 0.0666606 0.723587
0 0.323048 0.275813 0.0607295 0.0554939 0.721991
0 0.382339 0.477163 0.0643057 0.0643747 0.799867
1 0.488897 0.689636 0.0877825 0.0866271 0.779008
1 0.347202 0.376531 0.0855703 0.0717258 0.771997
0 0.322921 0.276188 0.0600946 0.0543248 0.738662
0 0.240468 0.714804 0.0634231 0.0665895 0.721346
0 0.382339 0.477163 0.0643057 0.0643747 0.799867
1 0.488897 0.689636 0.0877825 0.0866271 0.779008
1 0.347202 0.376531 0.0855703 0.0717258 0.771997
0 0.322921 0.276188 0.0600946 0.0543248 0.738662
0 0.240468 0.714804 0.0634231 0.0665895 0.721346
0 0.382339 0.477163 0.0643057 0.0643747 0.799867
1 0.488897 0.689636 0.0877825 0.0866271 0.779008
1 0.347202 0.376531 0.0855703 0.0717258 0.771997
0 0.322921 0.276188 0.0600946 0.0543248 0.738662
0 0.240468 0.714804 0.0634231 0.0665895 0.721346
