1 0.490737 0.3758 0.0531628 0.0849481 0.820061
0 0.496911 0.285676 0.0587358 0.0572159 0.786833
1 0.816261 0.726454 0.0401257 0.066345 0.781727
1 0.256063 0.0467971 0.0655103 0.0935942 0.757583
1 0.724273 0.933007 0.0429437 0.06632 0.694353
3 0.683436 0.486051 0.0274725 0.0519659 0.651455
3 0.65285 0.63698 0.0310711 0.0453674 0.648568
1 0.490685 0.375575 0.0526093 0.0851256 0.81833
1 0.816171 0.726285 0.0401237 0.0662447 0.787133
0 0.496941 0.285589 0.0587297 0.0579741 0.785887
1 0.25638 0.0469341 0.0667168 0.0937938 0.74896
1 0.724139 0.933514 0.0427306 0.0675371 0.72882
3 0.683464 0.486082 0.0272669 0.051732 0.655599
3 0.652828 0.637066 0.030854 0.0451577 0.654589
1 0.490685 0.375575 0.0526093 0.0851256 0.81833
1 0.816171 0.726285 0.0401237 0.0662447 0.787133
0 0.496941 0.285589 0.0587297 0.0579741 0.785887
1 0.25638 0.0469341 0.0667168 0.0937938 0.74896
1 0.724139 0.933514 0.0427306 0.0675371 0.72882
3 0.683464 0.486082 0.0272669 0.051732 0.655599
3 0.652828 0.637066 0.030854 0.0451577 0.654589
1 0.490685 0.375575 0.0526093 0.0851256 0.81833
1 0.816171 0.726285 0.0401237 0.0662447 0.787133
0 0.496941 0.285589 0.0587297 0.0579741 0.785887
1 0.25638 0.0469341 0.0667168 0.0937938 0.74896
1 0.724139 0.933514 0.0427306 0.0675371 0.72882
3 0.683464 0.486082 0.0272669 0.051732 0.655599
3 0.652828 0.637066 0.030854 0.0451577 0.654589
