2 0.663582 0.855577 0.0308447 0.0411595 0.688611
2 0.685307 0.887115 0.032625 0.0526771 0.683536
2 0.942456 0.622383 0.0356415 0.0526855 0.626199
1 0.538651 0.900236 0.0266825 0.0385953 0.418314
2 0.466993 0.479815 0.0291159 0.0452674 0.320425
2 0.663627 0.855396 0.0314594 0.0417548 0.695784
2 0.685224 0.886797 0.0326942 0.0524715 0.692068
2 0.942375 0.622552 0.0349954 0.0516517 0.618354
1 0.53867 0.900326 0.0267447 0.0387578 0.440506
2 0.467059 0.479865 0.029187 0.0450771 0.317623
2 0.663627 0.855396 0.0314594 0.0417548 0.695784
2 0.685224 0.886797 0.0326942 0.0524715 0.692068
2 0.942375 0.622552 0.0349954 0.0516517 0.618354
1 0.53867 0.900326 0.0267447 0.0387578 0.440506
2 0.467059 0.479865 0.029187 0.0450771 0.317623
2 0.663627 0.855396 0.0314594 0.0417548 0.695784
2 0.685224 0.886797 0.0326942 0.0524715 0.692068
2 0.942375 0.622552 0.0349954 0.0516517 0.618354
1 0.53867 0.900326 0.0267447 0.0387578 0.440506
2 0.467059 0.479865 0.029187 0.0450771 0.317623
