0 0.682644 0.349303 0.0266983 0.0393442 0.615448
1 0.522067 0.166219 0.0618294 0.0866527 0.516528
0 0.522075 0.165991 0.062244 0.0860825 0.423865
0 0.68261 0.349335 0.0261938 0.0389513 0.642254
1 0.522197 0.16641 0.060108 0.0857299 0.545438
0 0.52213 0.166245 0.0603941 0.0852263 0.452102
0 0.689685 0.408935 0.0228779 0.0348122 0.25809
0 0.68261 0.349335 0.0261938 0.0389513 0.642254
1 0.522197 0.16641 0.060108 0.0857299 0.545438
0 0.52213 0.166245 0.0603941 0.0852263 0.452102
0 0.689685 0.408935 0.0228779 0.0348122 0.25809
0 0.68261 0.349335 0.0261938 0.0389513 0.642254
1 0.522197 0.16641 0.060108 0.0857299 0.545438
0 0.52213 0.166245 0.0603941 0.0852263 0.452102
0 0.689685 0.408935 0.0228779 0.0348122 0.25809
