2 0.845621 0.598394 0.0611168 0.120595 0.801785
1 0.801853 0.481121 0.0577617 0.0843906 0.628294
1 0.780439 0.700977 0.0362686 0.0665769 0.568641
0 0.802092 0.480435 0.0585715 0.086595 0.465572
1 0.847843 0.193998 0.0234325 0.0405517 0.345991
0 0.20579 0.406065 0.0180865 0.0288911 0.336318
1 0.370262 0.349074 0.0217453 0.0441466 0.333946
2 0.845903 0.598215 0.0617126 0.121375 0.806183
1 0.801893 0.481141 0.0576435 0.0844212 0.626917
1 0.780211 0.701061 0.0358105 0.0672298 0.560578
0 0.802087 0.480517 0.0585883 0.086627 0.460058
1 0.370454 0.349097 0.0220449 0.0441463 0.426441
1 0.847934 0.194337 0.0235973 0.0407527 0.337295
0 0.205763 0.406061 0.0175452 0.0280158 0.294239
2 0.845903 0.598215 0.0617126 0.121375 0.806183
1 0.801893 0.481141 0.0576435 0.0844212 0.626917
1 0.780211 0.701061 0.0358105 0.0672298 0.560578
0 0.802087 0.480517 0.0585883 0.086627 0.460058
1 0.370454 0.349097 0.0220449 0.0441463 0.426441
1 0.847934 0.194337 0.0235973 0.0407527 0.337295
0 0.205763 0.406061 0.0175452 0.0280158 0.294239
2 0.845903 0.598215 0.0617126 0.121375 0.806183
1 0.801893 0.481141 0.0576435 0.0844212 0.626917
1 0.780211 0.701061 0.0358105 0.0672298 0.560578
0 0.802087 0.480517 0.0585883 0.086627 0.460058
1 0.370454 0.349097 0.0220449 0.0441463 0.426441
1 0.847934 0.194337 0.0235973 0.0407527 0.337295
0 0.205763 0.406061 0.0175452 0.0280158 0.294239
