1 0.748904 0.143481 0.045033 0.078135 0.835076
1 0.508232 0.346208 0.0531869 0.0900134 0.787389
1 0.496445 0.291935 0.0503398 0.0671298 0.711229
1 0.680544 0.0915205 0.0494695 0.0794887 0.694692
1 0.67253 0.351682 0.0452902 0.0802143 0.693475
1 0.555058 0.877524 0.0462816 0.0750437 0.6736
1 0.152817 0.417097 0.0182862 0.0338394 0.586829
0 0.563591 0.738677 0.0440233 0.0692926 0.584286
1 0.296075 0.12507 0.0413056 0.0752527 0.56612
1 0.547323 0.976001 0.0345284 0.0479972 0.557942
0 0.237109 0.802032 0.0266746 0.0434725 0.529545
0 0.582681 0.968604 0.0358126 0.0547618 0.49703
1 0.332084 0.609896 0.0148575 0.0273346 0.496321
1 0.321271 0.598239 0.015632 0.0286101 0.493164
0 0.296386 0.125344 0.0407337 0.0752637 0.432875
2 0.284294 0.449388 0.0167641 0.0308441 0.419493
3 0.680559 0.092234 0.0484553 0.0787546 0.406318
3 0.561028 0.823907 0.0273363 0.0594313 0.398759
1 0.0885928 0.479855 0.0221188 0.0280026 0.36113
2 0.274056 0.383755 0.0190839 0.0311903 0.355129
1 0.344214 0.642167 0.0164861 0.0272886 0.349309
1 0.234981 0.0441988 0.0316049 0.0566058 0.344724
1 0.7494 0.143193 0.0453338 0.0777281 0.836653
1 0.508089 0.346158 0.0537694 0.089846 0.796887
1 0.496507 0.292059 0.0503757 0.0669351 0.720003
1 0.67254 0.352023 0.0452393 0.0808219 0.702839
1 0.555138 0.877842 0.0457695 0.0743605 0.689295
1 0.680405 0.0917417 0.0497491 0.0795713 0.672182
1 0.152823 0.417081 0.0180693 0.0338674 0.609986
0 0.563541 0.738598 0.0437922 0.0690222 0.593327
1 0.547556 0.976249 0.0340652 0.0475016 0.583725
0 0.583031 0.96857 0.0354509 0.0558185 0.581189
0 0.237047 0.802102 0.0263834 0.0430481 0.550245
1 0.296223 0.12561 0.0416625 0.075359 0.534994
1 0.321313 0.598271 0.0155164 0.0284248 0.500443
1 0.332073 0.609866 0.014794 0.0272752 0.497831
0 0.296495 0.125349 0.0407479 0.0754555 0.482349
2 0.284316 0.449373 0.0162112 0.0301934 0.444933
1 0.088599 0.479827 0.0220417 0.0279934 0.423389
3 0.561071 0.824038 0.0272966 0.058818 0.419795
1 0.862364 0.0800764 0.0390556 0.0780919 0.403768
1 0.0344358 0.266385 0.0216788 0.0416384 0.392708
1 0.344166 0.642171 0.016421 0.0274222 0.369926
1 0.234988 0.0433321 0.032438 0.0575848 0.305368
2 0.274082 0.383833 0.0186245 0.0305828 0.281914
1 0.7494 0.143193 0.0453338 0.0777281 0.836653
1 0.508089 0.346158 0.0537694 0.089846 0.796887
1 0.496507 0.292059 0.0503757 0.0669351 0.720003
1 0.67254 0.352023 0.0452393 0.0808219 0.702839
1 0.555138 0.877842 0.0457695 0.0743605 0.689295
1 0.680405 0.0917417 0.0497491 0.0795713 0.672182
1 0.152823 0.417081 0.0180693 0.0338674 0.609986
0 0.563541 0.738598 0.0437922 0.0690222 0.593327
1 0.547556 0.976249 0.0340652 0.0475016 0.583725
0 0.583031 0.96857 0.0354509 0.0558185 0.581189
0 0.237047 0.802102 0.0263834 0.0430481 0.550245
1 0.296223 0.12561 0.0416625 0.075359 0.534994
1 0.321313 0.598271 0.0155164 0.0284248 0.500443
1 0.332073 0.609866 0.014794 0.0272752 0.497831
0 0.296495 0.125349 0.0407479 0.0754555 0.482349
2 0.284316 0.449373 0.0162112 0.0301934 0.444933
1 0.088599 0.479827 0.0220417 0.0279934 0.423389
3 0.561071 0.824038 0.0272966 0.058818 0.419795
1 0.862364 0.0800764 0.0390556 0.0780919 0.403768
1 0.0344358 0.266385 0.0216788 0.0416384 0.392708
1 0.344166 0.642171 0.016421 0.0274222 0.369926
1 0.234988 0.0433321 0.032438 0.0575848 0.305368
2 0.274082 0.383833 0.0186245 0.0305828 0.281914
1 0.7494 0.143193 0.0453338 0.0777281 0.836653
1 0.508089 0.346158 0.0537694 0.089846 0.796887
1 0.496507 0.292059 0.0503757 0.0669351 0.720003
1 0.67254 0.352023 0.0452393 0.0808219 0.702839
1 0.555138 0.877842 0.0457695 0.0743605 0.689295
1 0.680405 0.0917417 0.0497491 0.0795713 0.672182
1 0.152823 0.417081 0.0180693 0.0338674 0.609986
0 0.563541 0.738598 0.0437922 0.0690222 0.593327
1 0.547556 0.976249 0.0340652 0.0475016 0.583725
0 0.583031 0.96857 0.0354509 0.0558185 0.581189
0 0.237047 0.802102 0.0263834 0.0430481 0.550245
1 0.296223 0.12561 0.0416625 0.075359 0.534994
1 0.321313 0.598271 0.0155164 0.0284248 0.500443
1 0.332073 0.609866 0.014794 0.0272752 0.497831
0 0.296495 0.125349 0.0407479 0.0754555 0.482349
2 0.284316 0.449373 0.0162112 0.0301934 0.444933
1 0.088599 0.479827 0.0220417 0.0279934 0.423389
3 0.561071 0.824038 0.0272966 0.058818 0.419795
1 0.862364 0.0800764 0.0390556 0.0780919 0.403768
1 0.0344358 0.266385 0.0216788 0.0416384 0.392708
1 0.344166 0.642171 0.016421 0.0274222 0.369926
1 0.234988 0.0433321 0.032438 0.0575848 0.305368
2 0.274082 0.383833 0.0186245 0.0305828 0.281914
