4 0.416082 0.60506 0.386443 0.481329 0.810063
4 0.785431 0.493743 0.423384 0.538388 0.807336
4 0.486227 0.203899 0.972453 0.407798 0.783855
4 0.468694 0.897216 0.824045 0.200669 0.618071
4 0.416363 0.60408 0.384499 0.475803 0.832408
4 0.783468 0.493162 0.42522 0.539 0.826681
4 0.490258 0.209078 0.980517 0.410716 0.785779
4 0.470882 0.897126 0.833247 0.194947 0.493735
4 0.416363 0.60408 0.384499 0.475803 0.832408
4 0.783468 0.493162 0.42522 0.539 0.826681
4 0.490258 0.209078 0.980517 0.410716 0.785779
4 0.470882 0.897126 0.833247 0.194947 0.493735
4 0.416363 0.60408 0.384499 0.475803 0.832408
4 0.783468 0.493162 0.42522 0.539 0.826681
4 0.490258 0.209078 0.980517 0.410716 0.785779
4 0.470882 0.897126 0.833247 0.194947 0.493735
