0 0.630486 0.694712 0.0521057 0.0798584 0.806188
2 0.478878 0.0609392 0.0702414 0.0875312 0.783913
1 0.499818 0.284533 0.0743546 0.0910231 0.782134
0 0.497274 0.493144 0.0499313 0.0846401 0.622539
1 0.0338956 0.470619 0.0172345 0.0270191 0.364594
0 0.630403 0.694934 0.052046 0.079759 0.802804
1 0.499777 0.284713 0.0745763 0.0915173 0.782043
2 0.479587 0.0599927 0.0711357 0.0898824 0.780929
0 0.497348 0.49322 0.0505501 0.0849269 0.569133
1 0.0338747 0.470656 0.0173405 0.0273538 0.37668
0 0.630403 0.694934 0.052046 0.079759 0.802804
1 0.499777 0.284713 0.0745763 0.0915173 0.782043
2 0.479587 0.0599927 0.0711357 0.0898824 0.780929
0 0.497348 0.49322 0.0505501 0.0849269 0.569133
1 0.0338747 0.470656 0.0173405 0.0273538 0.37668
0 0.630403 0.694934 0.052046 0.079759 0.802804
1 0.499777 0.284713 0.0745763 0.0915173 0.782043
2 0.479587 0.0599927 0.0711357 0.0898824 0.780929
0 0.497348 0.49322 0.0505501 0.0849269 0.569133
1 0.0338747 0.470656 0.0173405 0.0273538 0.37668
