1 0.4725 0.583643 0.0544271 0.103625 0.849904
1 0.29306 0.236809 0.0456275 0.0759148 0.830216
1 0.34143 0.287953 0.0501272 0.0982488 0.815773
1 0.537684 0.273651 0.0370977 0.0953618 0.809952
0 0.452453 0.335093 0.0576309 0.0708154 0.804639
1 0.623958 0.600359 0.0345919 0.0814779 0.788215
1 0.376954 0.411465 0.0484807 0.0903167 0.775394
0 0.575456 0.533873 0.0419718 0.0457048 0.750952
1 0.56432 0.238746 0.0444078 0.0933658 0.742757
0 0.668951 0.555089 0.0320222 0.025247 0.651836
0 0.411393 0.539843 0.0346261 0.0532594 0.63851
0 0.779708 0.464953 0.0222712 0.0384763 0.626011
0 0.664539 0.599851 0.0221574 0.0443747 0.60019
1 0.587356 0.360859 0.0373322 0.0512889 0.57157
0 0.408349 0.489257 0.0406708 0.0609745 0.561415
1 0.775833 0.5804 0.0218186 0.0353973 0.457749
2 0.55369 0.458665 0.0262575 0.0445243 0.355256
1 0.472509 0.583595 0.0541489 0.103577 0.849906
1 0.293168 0.236701 0.045196 0.0759928 0.835099
1 0.341398 0.287969 0.0495129 0.0976903 0.807217
1 0.537741 0.273695 0.0368725 0.0951673 0.802771
0 0.4524 0.335117 0.0573456 0.0708778 0.794848
1 0.624002 0.600436 0.0344015 0.0815143 0.788682
1 0.377021 0.411502 0.0482405 0.0900723 0.768311
0 0.575507 0.533906 0.0419615 0.0457186 0.750796
1 0.56437 0.238727 0.0439835 0.0925275 0.732925
0 0.668913 0.555074 0.0321203 0.0251406 0.649894
0 0.411387 0.539834 0.0345715 0.0532297 0.634781
0 0.779677 0.464984 0.0219997 0.0381863 0.62977
0 0.664541 0.599829 0.0220517 0.0440038 0.601105
1 0.58743 0.36081 0.036887 0.0508878 0.57057
0 0.408396 0.489265 0.0404458 0.0609308 0.550554
1 0.775815 0.58042 0.0217014 0.0353497 0.417038
0 0.775577 0.580408 0.0217115 0.0360421 0.384565
2 0.553654 0.45871 0.0257376 0.0442999 0.263039
1 0.472509 0.583595 0.0541489 0.103577 0.849906
1 0.293168 0.236701 0.045196 0.0759928 0.835099
1 0.341398 0.287969 0.0495129 0.0976903 0.807217
1 0.537741 0.273695 0.0368725 0.0951673 0.802771
0 0.4524 0.335117 0.0573456 0.0708778 0.794848
1 0.624002 0.600436 0.0344015 0.0815143 0.788682
1 0.377021 0.411502 0.0482405 0.0900723 0.768311
0 0.575507 0.533906 0.0419615 0.0457186 0.750796
1 0.56437 0.238727 0.0439835 0.0925275 0.732925
0 0.668913 0.555074 0.0321203 0.0251406 0.649894
0 0.411387 0.539834 0.0345715 0.0532297 0.634781
0 0.779677 0.464984 0.0219997 0.0381863 0.62977
0 0.664541 0.599829 0.0220517 0.0440038 0.601105
1 0.58743 0.36081 0.036887 0.0508878 0.57057
0 0.408396 0.489265 0.0404458 0.0609308 0.550554
1 0.775815 0.58042 0.0217014 0.0353497 0.417038
0 0.775577 0.580408 0.0217115 0.0360421 0.384565
2 0.553654 0.45871 0.0257376 0.0442999 0.263039
1 0.472509 0.583595 0.0541489 0.103577 0.849906
1 0.293168 0.236701 0.045196 0.0759928 0.835099
1 0.341398 0.287969 0.0495129 0.0976903 0.807217
1 0.537741 0.273695 0.0368725 0.0951673 0.802771
0 0.4524 0.335117 0.0573456 0.0708778 0.794848
1 0.624002 0.600436 0.0344015 0.0815143 0.788682
1 0.377021 0.411502 0.0482405 0.0900723 0.768311
0 0.575507 0.533906 0.0419615 0.0457186 0.750796
1 0.56437 0.238727 0.0439835 0.0925275 0.732925
0 0.668913 0.555074 0.0321203 0.0251406 0.649894
0 0.411387 0.539834 0.0345715 0.0532297 0.634781
0 0.779677 0.464984 0.0219997 0.0381863 0.62977
0 0.664541 0.599829 0.0220517 0.0440038 0.601105
1 0.58743 0.36081 0.036887 0.0508878 0.57057
0 0.408396 0.489265 0.0404458 0.0609308 0.550554
1 0.775815 0.58042 0.0217014 0.0353497 0.417038
0 0.775577 0.580408 0.0217115 0.0360421 0.384565
2 0.553654 0.45871 0.0257376 0.0442999 0.263039
