1 0.262317 0.836583 0.0439243 0.10895 0.840383
1 0.160012 0.455331 0.0669198 0.129094 0.840084
1 0.234923 0.359073 0.0445043 0.0848799 0.839443
1 0.615062 0.86114 0.0678477 0.0748293 0.828532
1 0.206778 0.768395 0.0575936 0.118348 0.823179
1 0.588277 0.423514 0.0710032 0.082965 0.81894
1 0.720375 0.686892 0.0638126 0.132496 0.808907
1 0.222611 0.835204 0.0582369 0.132816 0.802976
0 0.513016 0.937199 0.0692345 0.0623286 0.78978
0 0.437146 0.824592 0.0713488 0.0641921 0.786025
1 0.268935 0.371043 0.035035 0.0819299 0.768239
1 0.522057 0.824607 0.0811155 0.0719393 0.753844
0 0.35407 0.94156 0.0399347 0.0860286 0.73627
1 0.550613 0.658295 0.0286428 0.0853617 0.706272
1 0.58142 0.524966 0.0359781 0.09064 0.700706
0 0.299799 0.899448 0.046557 0.0772649 0.687451
0 0.533715 0.606307 0.0388062 0.0513371 0.666877
1 0.41585 0.94742 0.047093 0.0921205 0.629756
1 0.597896 0.927817 0.0323439 0.0634827 0.621328
1 0.83166 0.571748 0.0651739 0.130117 0.603662
1 0.0174508 0.478063 0.0349017 0.111197 0.337889
1 0.23504 0.358875 0.044598 0.0848395 0.846054
1 0.262342 0.836523 0.0438999 0.109019 0.835943
1 0.614913 0.861296 0.0679853 0.0750648 0.832477
1 0.159974 0.454729 0.0665015 0.126931 0.822974
1 0.207049 0.768358 0.0567207 0.118385 0.818443
1 0.588008 0.423535 0.070668 0.081409 0.816824
1 0.720392 0.686561 0.0640339 0.132012 0.805173
1 0.222686 0.835171 0.0575276 0.132638 0.800393
0 0.513133 0.937295 0.0695191 0.0631986 0.782311
0 0.436802 0.824256 0.071722 0.0638353 0.775537
1 0.268957 0.371064 0.0350425 0.0813499 0.772563
1 0.522164 0.824213 0.0812134 0.0712296 0.752689
0 0.354057 0.941686 0.0395829 0.0848652 0.738056
0 0.299963 0.899424 0.0473495 0.0776926 0.682839
1 0.55075 0.658259 0.028359 0.0851091 0.678798
1 0.581273 0.525042 0.0362616 0.0910497 0.673513
1 0.597746 0.928083 0.0321968 0.0640282 0.658265
1 0.415807 0.948121 0.0470028 0.0923406 0.641355
0 0.533639 0.606205 0.0388643 0.0512356 0.64018
1 0.831635 0.571682 0.0651047 0.130028 0.634814
1 0.23504 0.358875 0.044598 0.0848395 0.846054
1 0.262342 0.836523 0.0438999 0.109019 0.835943
1 0.614913 0.861296 0.0679853 0.0750648 0.832477
1 0.159974 0.454729 0.0665015 0.126931 0.822974
1 0.207049 0.768358 0.0567207 0.118385 0.818443
1 0.588008 0.423535 0.070668 0.081409 0.816824
1 0.720392 0.686561 0.0640339 0.132012 0.805173
1 0.222686 0.835171 0.0575276 0.132638 0.800393
0 0.513133 0.937295 0.0695191 0.0631986 0.782311
0 0.436802 0.824256 0.071722 0.0638353 0.775537
1 0.268957 0.371064 0.0350425 0.0813499 0.772563
1 0.522164 0.824213 0.0812134 0.0712296 0.752689
0 0.354057 0.941686 0.0395829 0.0848652 0.738056
0 0.299963 0.899424 0.0473495 0.0776926 0.682839
1 0.55075 0.658259 0.028359 0.0851091 0.678798
1 0.581273 0.525042 0.0362616 0.0910497 0.673513
1 0.597746 0.928083 0.0321968 0.0640282 0.658265
1 0.415807 0.948121 0.0470028 0.0923406 0.641355
0 0.533639 0.606205 0.0388643 0.0512356 0.64018
1 0.831635 0.571682 0.0651047 0.130028 0.634814
1 0.23504 0.358875 0.044598 0.0848395 0.846054
1 0.262342 0.836523 0.0438999 0.109019 0.835943
1 0.614913 0.861296 0.0679853 0.0750648 0.832477
1 0.159974 0.454729 0.0665015 0.126931 0.822974
1 0.207049 0.768358 0.0567207 0.118385 0.818443
1 0.588008 0.423535 0.070668 0.081409 0.816824
1 0.720392 0.686561 0.0640339 0.132012 0.805173
1 0.222686 0.835171 0.0575276 0.132638 0.800393
0 0.513133 0.937295 0.0695191 0.0631986 0.782311
0 0.436802 0.824256 0.071722 0.0638353 0.775537
1 0.268957 0.371064 0.0350425 0.0813499 0.772563
1 0.522164 0.824213 0.0812134 0.0712296 0.752689
0 0.354057 0.941686 0.0395829 0.0848652 0.738056
0 0.299963 0.899424 0.0473495 0.0776926 0.682839
1 0.55075 0.658259 0.028359 0.0851091 0.678798
1 0.581273 0.525042 0.0362616 0.0910497 0.673513
1 0.597746 0.928083 0.0321968 0.0640282 0.658265
1 0.415807 0.948121 0.0470028 0.0923406 0.641355
0 0.533639 0.606205 0.0388643 0.0512356 0.64018
1 0.831635 0.571682 0.0651047 0.130028 0.634814
