0 0.428981 0.412012 0.0319501 0.0459994 0.825932
0 0.578448 0.588297 0.0340166 0.0353586 0.689053
1 0.826547 0.755311 0.0489965 0.0812434 0.681448
2 0.610513 0.849493 0.0270433 0.0414671 0.636139
1 0.500602 0.0672415 0.0230679 0.0419444 0.467695
0 0.428934 0.411883 0.031599 0.0458027 0.827701
0 0.578445 0.588233 0.0337361 0.0348326 0.684995
1 0.826785 0.755234 0.0488331 0.0810508 0.678744
2 0.610507 0.849544 0.0271872 0.0414405 0.648161
1 0.500508 0.0678055 0.0240788 0.0425726 0.431979
0 0.428934 0.411883 0.031599 0.0458027 0.827701
0 0.578445 0.588233 0.0337361 0.0348326 0.684995
1 0.826785 0.755234 0.0488331 0.0810508 0.678744
2 0.610507 0.849544 0.0271872 0.0414405 0.648161
1 0.500508 0.0678055 0.0240788 0.0425726 0.431979
0 0.428934 0.411883 0.031599 0.0458027 0.827701
0 0.578445 0.588233 0.0337361 0.0348326 0.684995
1 0.826785 0.755234 0.0488331 0.0810508 0.678744
2 0.610507 0.849544 0.0271872 0.0414405 0.648161
1 0.500508 0.0678055 0.0240788 0.0425726 0.431979
