3 0.486296 0.469858 0.0279129 0.036767 0.71563
2 0.776179 0.563576 0.0230463 0.0338993 0.556373
3 0.486249 0.469564 0.0282468 0.0380172 0.706311
2 0.776178 0.563543 0.0231841 0.0341486 0.522183
3 0.465748 0.496493 0.0235284 0.0468606 0.281274
2 0.567621 0.26747 0.0201494 0.0399125 0.257652
3 0.486249 0.469564 0.0282468 0.0380172 0.706311
2 0.776178 0.563543 0.0231841 0.0341486 0.522183
3 0.465748 0.496493 0.0235284 0.0468606 0.281274
2 0.567621 0.26747 0.0201494 0.0399125 0.257652
3 0.486249 0.469564 0.0282468 0.0380172 0.706311
2 0.776178 0.563543 0.0231841 0.0341486 0.522183
3 0.465748 0.496493 0.0235284 0.0468606 0.281274
2 0.567621 0.26747 0.0201494 0.0399125 0.257652
