2 0.675128 0.316778 0.0624474 0.0884664 0.814352
1 0.699962 0.548964 0.0590485 0.0825308 0.790841
0 0.802167 0.892786 0.0463412 0.0605388 0.75524
1 0.064814 0.599654 0.0257079 0.0406504 0.624803
3 0.781381 0.607288 0.0345158 0.0533748 0.572995
1 0.692902 0.722956 0.0418943 0.0693582 0.454667
0 0.693046 0.723212 0.0417397 0.0687782 0.426369
0 0.0855672 0.492761 0.0214293 0.0364889 0.401782
0 0.210471 0.503207 0.0155358 0.0268064 0.380376
0 0.216623 0.531303 0.0169669 0.0245537 0.301155
2 0.675103 0.31664 0.0628691 0.0888948 0.812536
1 0.699936 0.54877 0.0596645 0.0832257 0.788391
0 0.802239 0.893119 0.0460821 0.0600769 0.771827
1 0.0648018 0.599715 0.0258641 0.0408586 0.649763
3 0.78144 0.606963 0.0346071 0.0533539 0.602838
1 0.692903 0.723042 0.042001 0.0694378 0.460852
0 0.693091 0.723238 0.0418684 0.068711 0.436557
0 0.0855424 0.492512 0.021368 0.0362237 0.415498
0 0.210434 0.503183 0.0156704 0.0269533 0.396103
0 0.216588 0.531302 0.0168887 0.0241692 0.324218
0 0.969593 0.669415 0.0191921 0.0275074 0.272969
2 0.675103 0.31664 0.0628691 0.0888948 0.812536
1 0.699936 0.54877 0.0596645 0.0832257 0.788391
0 0.802239 0.893119 0.0460821 0.0600769 0.771827
1 0.0648018 0.599715 0.0258641 0.0408586 0.649763
3 0.78144 0.606963 0.0346071 0.0533539 0.602838
1 0.692903 0.723042 0.042001 0.0694378 0.460852
0 0.693091 0.723238 0.0418684 0.068711 0.436557
0 0.0855424 0.492512 0.021368 0.0362237 0.415498
0 0.210434 0.503183 0.0156704 0.0269533 0.396103
0 0.216588 0.531302 0.0168887 0.0241692 0.324218
0 0.969593 0.669415 0.0191921 0.0275074 0.272969
2 0.675103 0.31664 0.0628691 0.0888948 0.812536
1 0.699936 0.54877 0.0596645 0.0832257 0.788391
0 0.802239 0.893119 0.0460821 0.0600769 0.771827
1 0.0648018 0.599715 0.0258641 0.0408586 0.649763
3 0.78144 0.606963 0.0346071 0.0533539 0.602838
1 0.692903 0.723042 0.042001 0.0694378 0.460852
0 0.693091 0.723238 0.0418684 0.068711 0.436557
0 0.0855424 0.492512 0.021368 0.0362237 0.415498
0 0.210434 0.503183 0.0156704 0.0269533 0.396103
0 0.216588 0.531302 0.0168887 0.0241692 0.324218
0 0.969593 0.669415 0.0191921 0.0275074 0.272969
