1 0.886845 0.394752 0.0811569 0.0954395 0.860793
0 0.492757 0.410315 0.0718118 0.100585 0.828016
1 0.589175 0.0574017 0.0968264 0.113803 0.786181
1 0.820882 0.445991 0.065716 0.139622 0.783554
0 0.378318 0.810665 0.0630307 0.0829589 0.671859
0 0.543815 0.0695197 0.0617264 0.0295672 0.661273
0 0.526673 0.107346 0.0317272 0.0502987 0.638361
1 0.763241 0.529387 0.0618828 0.138093 0.518371
0 0.762956 0.528979 0.0624091 0.136646 0.450883
0 0.0370517 0.119313 0.0225105 0.0363995 0.410025
0 0.518326 0.0219442 0.0289257 0.0432123 0.371461
1 0.886847 0.394679 0.0814755 0.0956645 0.848627
0 0.49274 0.41049 0.0719038 0.100775 0.823845
1 0.589204 0.057204 0.0966694 0.113709 0.799273
1 0.820868 0.445931 0.0660939 0.140038 0.75491
0 0.378036 0.811058 0.0634399 0.0833667 0.68162
0 0.543467 0.0686433 0.0614899 0.0288133 0.665795
0 0.52651 0.107385 0.0307983 0.050006 0.65423
1 0.763272 0.529193 0.0618851 0.137365 0.562227
0 0.0370933 0.119097 0.0223898 0.0362389 0.414813
0 0.763146 0.528937 0.0623905 0.136472 0.400173
0 0.518094 0.0214233 0.0274136 0.0410232 0.329139
1 0.886847 0.394679 0.0814755 0.0956645 0.848627
0 0.49274 0.41049 0.0719038 0.100775 0.823845
1 0.589204 0.057204 0.0966694 0.113709 0.799273
1 0.820868 0.445931 0.0660939 0.140038 0.75491
0 0.378036 0.811058 0.0634399 0.0833667 0.68162
0 0.543467 0.0686433 0.0614899 0.0288133 0.665795
0 0.52651 0.107385 0.0307983 0.050006 0.65423
1 0.763272 0.529193 0.0618851 0.137365 0.562227
0 0.0370933 0.119097 0.0223898 0.0362389 0.414813
0 0.763146 0.528937 0.0623905 0.136472 0.400173
0 0.518094 0.0214233 0.0274136 0.0410232 0.329139
1 0.886847 0.394679 0.0814755 0.0956645 0.848627
0 0.49274 0.41049 0.0719038 0.100775 0.823845
1 0.589204 0.057204 0.0966694 0.113709 0.799273
1 0.820868 0.445931 0.0660939 0.140038 0.75491
0 0.378036 0.811058 0.0634399 0.0833667 0.68162
0 0.543467 0.0686433 0.0614899 0.0288133 0.665795
0 0.52651 0.107385 0.0307983 0.050006 0.65423
1 0.763272 0.529193 0.0618851 0.137365 0.562227
0 0.0370933 0.119097 0.0223898 0.0362389 0.414813
0 0.763146 0.528937 0.0623905 0.136472 0.400173
0 0.518094 0.0214233 0.0274136 0.0410232 0.329139
