3 0.0772419 0.937902 0.133055 0.119968 0.862442
1 0.607023 0.484267 0.0365052 0.0579912 0.858247
2 0.214957 0.020002 0.103787 0.0400039 0.847291
2 0.156792 0.0509471 0.0871201 0.0983817 0.842816
2 0.125835 0.5445 0.11676 0.191743 0.813095
1 0.625805 0.424025 0.0286808 0.0450581 0.812017
1 0.67731 0.632752 0.0238491 0.0366861 0.728422
1 0.68539 0.719709 0.020357 0.0258892 0.720995
1 0.646126 0.661277 0.0183828 0.0339346 0.70079
1 0.696455 0.398547 0.0191589 0.0250396 0.62178
3 0.249774 0.246758 0.0262905 0.0411758 0.616405
1 0.649769 0.691136 0.0169211 0.0322888 0.608877
1 0.65621 0.476712 0.0229427 0.0294722 0.607703
1 0.69459 0.483384 0.0155571 0.0264674 0.591774
1 0.717868 0.480271 0.0139529 0.0221464 0.583441
1 0.487644 0.608074 0.04332 0.0382287 0.561612
1 0.692842 0.553704 0.0126196 0.0249843 0.53104
1 0.682305 0.577873 0.0170879 0.0277829 0.500282
1 0.727991 0.462172 0.0178072 0.024865 0.499429
1 0.17364 0.495923 0.0149952 0.0337597 0.487064
1 0.511812 0.44862 0.0178167 0.0296351 0.476502
1 0.721451 0.440492 0.0166312 0.0258155 0.473326
1 0.741681 0.404543 0.0153258 0.0225711 0.456683
1 0.685315 0.544024 0.0153063 0.0284688 0.44628
1 0.184562 0.501008 0.0144715 0.0363 0.39161
1 0.23324 0.503965 0.0252173 0.0220663 0.333957
3 0.425851 0.289135 0.0164973 0.0278615 0.332041
0 0.580976 0.301233 0.0181561 0.0332345 0.323738
1 0.214149 0.523805 0.0148324 0.027778 0.309891
2 0.217692 0.0199869 0.100587 0.0399739 0.868098
3 0.077325 0.936027 0.13336 0.124308 0.862601
1 0.606972 0.484133 0.0364672 0.0577693 0.858204
2 0.156826 0.050606 0.0888276 0.0981022 0.834189
2 0.125142 0.544688 0.113176 0.190717 0.813481
1 0.625837 0.424064 0.0286548 0.0450761 0.811269
1 0.677316 0.632751 0.0238455 0.0367364 0.730835
1 0.68539 0.719683 0.020424 0.0260129 0.724429
1 0.646129 0.661297 0.0184159 0.0340031 0.698842
1 0.69647 0.398545 0.01913 0.0250482 0.628956
1 0.656208 0.476719 0.0230429 0.0295711 0.617568
3 0.249621 0.246567 0.0261806 0.0412628 0.615405
1 0.649783 0.691114 0.0168861 0.0322352 0.607836
1 0.694604 0.483343 0.0156292 0.0265475 0.594366
1 0.717871 0.480245 0.0140399 0.022244 0.581274
1 0.487662 0.60806 0.0432669 0.0380254 0.564335
1 0.692853 0.553688 0.0126356 0.0250254 0.537444
1 0.682317 0.577881 0.0171461 0.0278999 0.504512
1 0.173644 0.495877 0.0148878 0.0331402 0.497897
1 0.727982 0.46216 0.0177467 0.0248284 0.491624
1 0.511862 0.448598 0.0176905 0.0294739 0.478771
1 0.721439 0.44048 0.0166041 0.0258253 0.475424
1 0.74168 0.404497 0.0153495 0.0226638 0.469113
1 0.685281 0.544019 0.0152724 0.0284551 0.454894
1 0.184549 0.501037 0.0142666 0.0358022 0.423705
3 0.425876 0.289064 0.0164766 0.0280567 0.369391
1 0.233264 0.503865 0.0250066 0.0221088 0.367865
1 0.214151 0.523559 0.0146618 0.0272671 0.334398
0 0.580961 0.301358 0.0180277 0.0331886 0.308481
1 0.781551 0.472277 0.010611 0.0203466 0.302004
0 0.259735 0.629597 0.0227479 0.0272737 0.295097
1 0.239471 0.475411 0.0225319 0.0240659 0.293751
1 0.673421 0.675327 0.0136755 0.0269167 0.284588
1 0.716776 0.397733 0.019537 0.0206982 0.26934
2 0.217692 0.0199869 0.100587 0.0399739 0.868098
3 0.077325 0.936027 0.13336 0.124308 0.862601
1 0.606972 0.484133 0.0364672 0.0577693 0.858204
2 0.156826 0.050606 0.0888276 0.0981022 0.834189
2 0.125142 0.544688 0.113176 0.190717 0.813481
1 0.625837 0.424064 0.0286548 0.0450761 0.811269
1 0.677316 0.632751 0.0238455 0.0367364 0.730835
1 0.68539 0.719683 0.020424 0.0260129 0.724429
1 0.646129 0.661297 0.0184159 0.0340031 0.698842
1 0.69647 0.398545 0.01913 0.0250482 0.628956
1 0.656208 0.476719 0.0230429 0.0295711 0.617568
3 0.249621 0.246567 0.0261806 0.0412628 0.615405
1 0.649783 0.691114 0.0168861 0.0322352 0.607836
1 0.694604 0.483343 0.0156292 0.0265475 0.594366
1 0.717871 0.480245 0.0140399 0.022244 0.581274
1 0.487662 0.60806 0.0432669 0.0380254 0.564335
1 0.692853 0.553688 0.0126356 0.0250254 0.537444
1 0.682317 0.577881 0.0171461 0.0278999 0.504512
1 0.173644 0.495877 0.0148878 0.0331402 0.497897
1 0.727982 0.46216 0.0177467 0.0248284 0.491624
1 0.511862 0.448598 0.0176905 0.0294739 0.478771
1 0.721439 0.44048 0.0166041 0.0258253 0.475424
1 0.74168 0.404497 0.0153495 0.0226638 0.469113
1 0.685281 0.544019 0.0152724 0.0284551 0.454894
1 0.184549 0.501037 0.0142666 0.0358022 0.423705
3 0.425876 0.289064 0.0164766 0.0280567 0.369391
1 0.233264 0.503865 0.0250066 0.0221088 0.367865
1 0.214151 0.523559 0.0146618 0.0272671 0.334398
0 0.580961 0.301358 0.0180277 0.0331886 0.308481
1 0.781551 0.472277 0.010611 0.0203466 0.302004
0 0.259735 0.629597 0.0227479 0.0272737 0.295097
1 0.239471 0.475411 0.0225319 0.0240659 0.293751
1 0.673421 0.675327 0.0136755 0.0269167 0.284588
1 0.716776 0.397733 0.019537 0.0206982 0.26934
2 0.217692 0.0199869 0.100587 0.0399739 0.868098
3 0.077325 0.936027 0.13336 0.124308 0.862601
1 0.606972 0.484133 0.0364672 0.0577693 0.858204
2 0.156826 0.050606 0.0888276 0.0981022 0.834189
2 0.125142 0.544688 0.113176 0.190717 0.813481
1 0.625837 0.424064 0.0286548 0.0450761 0.811269
1 0.677316 0.632751 0.0238455 0.0367364 0.730835
1 0.68539 0.719683 0.020424 0.0260129 0.724429
1 0.646129 0.661297 0.0184159 0.0340031 0.698842
1 0.69647 0.398545 0.01913 0.0250482 0.628956
1 0.656208 0.476719 0.0230429 0.0295711 0.617568
3 0.249621 0.246567 0.0261806 0.0412628 0.615405
1 0.649783 0.691114 0.0168861 0.0322352 0.607836
1 0.694604 0.483343 0.0156292 0.0265475 0.594366
1 0.717871 0.480245 0.0140399 0.022244 0.581274
1 0.487662 0.60806 0.0432669 0.0380254 0.564335
1 0.692853 0.553688 0.0126356 0.0250254 0.537444
1 0.682317 0.577881 0.0171461 0.0278999 0.504512
1 0.173644 0.495877 0.0148878 0.0331402 0.497897
1 0.727982 0.46216 0.0177467 0.0248284 0.491624
1 0.511862 0.448598 0.0176905 0.0294739 0.478771
1 0.721439 0.44048 0.0166041 0.0258253 0.475424
1 0.74168 0.404497 0.0153495 0.0226638 0.469113
1 0.685281 0.544019 0.0152724 0.0284551 0.454894
1 0.184549 0.501037 0.0142666 0.0358022 0.423705
3 0.425876 0.289064 0.0164766 0.0280567 0.369391
1 0.233264 0.503865 0.0250066 0.0221088 0.367865
1 0.214151 0.523559 0.0146618 0.0272671 0.334398
0 0.580961 0.301358 0.0180277 0.0331886 0.308481
1 0.781551 0.472277 0.010611 0.0203466 0.302004
0 0.259735 0.629597 0.0227479 0.0272737 0.295097
1 0.239471 0.475411 0.0225319 0.0240659 0.293751
1 0.673421 0.675327 0.0136755 0.0269167 0.284588
1 0.716776 0.397733 0.019537 0.0206982 0.26934
