4 0.0820306 0.616626 0.163045 0.415639 0.815551
4 0.221379 0.377649 0.274504 0.386315 0.768139
4 0.851305 0.201993 0.169591 0.27724 0.594666
4 0.471845 0.545669 0.737509 0.884404 0.591468
4 0.575103 0.406102 0.511086 0.582846 0.473666
4 0.0817107 0.61432 0.163012 0.421583 0.819711
4 0.218967 0.375433 0.274446 0.385732 0.768338
4 0.850749 0.201853 0.16862 0.278247 0.636379
4 0.484225 0.54818 0.708056 0.874925 0.607102
4 0.580669 0.369909 0.498079 0.513601 0.291277
4 0.0817107 0.61432 0.163012 0.421583 0.819711
4 0.218967 0.375433 0.274446 0.385732 0.768338
4 0.850749 0.201853 0.16862 0.278247 0.636379
4 0.484225 0.54818 0.708056 0.874925 0.607102
4 0.580669 0.369909 0.498079 0.513601 0.291277
4 0.0817107 0.61432 0.163012 0.421583 0.819711
4 0.218967 0.375433 0.274446 0.385732 0.768338
4 0.850749 0.201853 0.16862 0.278247 0.636379
4 0.484225 0.54818 0.708056 0.874925 0.607102
4 0.580669 0.369909 0.498079 0.513601 0.291277
