0 0.586181 0.713807 0.0428883 0.0709135 0.78936
0 0.589125 0.591691 0.0566475 0.0596227 0.77872
0 0.554784 0.701233 0.0272288 0.0430887 0.760594
0 0.648314 0.736 0.0259747 0.0467196 0.740665
0 0.581492 0.779518 0.0272305 0.0394584 0.740273
0 0.352821 0.665757 0.0283496 0.0392078 0.722706
0 0.638376 0.796914 0.0580803 0.0554316 0.719481
0 0.529794 0.706484 0.0325809 0.0514252 0.679113
0 0.535684 0.636108 0.037583 0.0615288 0.667807
0 0.643852 0.475542 0.0379185 0.0676637 0.658002
0 0.5071 0.640712 0.0298128 0.0544812 0.654291
0 0.582803 0.834421 0.0243599 0.0328517 0.639436
0 0.62111 0.740609 0.0369045 0.0459804 0.637415
0 0.576356 0.906934 0.0269716 0.0349759 0.635125
0 0.508355 0.564306 0.0370863 0.053067 0.606111
0 0.419572 0.583323 0.0340445 0.0307202 0.567471
0 0.419472 0.607845 0.0384941 0.0374086 0.546075
0 0.368974 0.607873 0.0313282 0.0336656 0.501524
0 0.697334 0.863294 0.0266061 0.0375624 0.486548
0 0.341386 0.615254 0.0378291 0.0393472 0.403796
0 0.658538 0.528176 0.0167956 0.0445929 0.313408
0 0.586206 0.713738 0.0428911 0.0703278 0.785445
0 0.589515 0.591989 0.0555911 0.058663 0.757882
0 0.554765 0.701234 0.0271938 0.0426199 0.751522
0 0.648228 0.736053 0.0257587 0.0461245 0.735978
0 0.352822 0.66583 0.0284462 0.0393632 0.729874
0 0.638366 0.79652 0.0583046 0.0553887 0.72915
0 0.581622 0.779564 0.0267453 0.038889 0.728799
0 0.529821 0.706422 0.0323919 0.0509097 0.660598
0 0.582843 0.834494 0.0243491 0.0326623 0.655703
0 0.535631 0.636023 0.037645 0.0614678 0.655195
0 0.621083 0.740588 0.0368784 0.0457312 0.63441
0 0.507095 0.640633 0.0298597 0.0544277 0.631569
0 0.576384 0.907065 0.0268427 0.0349154 0.615263
0 0.643849 0.475563 0.0371734 0.0672305 0.558743
0 0.508379 0.56431 0.0368685 0.0527306 0.548215
0 0.368997 0.608061 0.0316904 0.0344816 0.535012
0 0.419471 0.607872 0.0389374 0.037724 0.530684
1 0.644245 0.476144 0.037479 0.0667188 0.497325
0 0.419655 0.58344 0.0345705 0.0308415 0.482444
0 0.698273 0.863699 0.0278108 0.0373607 0.462647
0 0.341379 0.615011 0.0380904 0.0395703 0.454573
1 0.508701 0.564549 0.0370519 0.0533994 0.396388
4 0.5 0.281534 1 0.555412 0.370068
0 0.658476 0.528703 0.0162866 0.0432131 0.281871
0 0.586206 0.713738 0.0428911 0.0703278 0.785445
0 0.589515 0.591989 0.0555911 0.058663 0.757882
0 0.554765 0.701234 0.0271938 0.0426199 0.751522
0 0.648228 0.736053 0.0257587 0.0461245 0.735978
0 0.352822 0.66583 0.0284462 0.0393632 0.729874
0 0.638366 0.79652 0.0583046 0.0553887 0.72915
0 0.581622 0.779564 0.0267453 0.038889 0.728799
0 0.529821 0.706422 0.0323919 0.0509097 0.660598
0 0.582843 0.834494 0.0243491 0.0326623 0.655703
0 0.535631 0.636023 0.037645 0.0614678 0.655195
0 0.621083 0.740588 0.0368784 0.0457312 0.63441
0 0.507095 0.640633 0.0298597 0.0544277 0.631569
0 0.576384 0.907065 0.0268427 0.0349154 0.615263
0 0.643849 0.475563 0.0371734 0.0672305 0.558743
0 0.508379 0.56431 0.0368685 0.0527306 0.548215
0 0.368997 0.608061 0.0316904 0.0344816 0.535012
0 0.419471 0.607872 0.0389374 0.037724 0.530684
1 0.644245 0.476144 0.037479 0.0667188 0.497325
0 0.419655 0.58344 0.0345705 0.0308415 0.482444
0 0.698273 0.863699 0.0278108 0.0373607 0.462647
0 0.341379 0.615011 0.0380904 0.0395703 0.454573
1 0.508701 0.564549 0.0370519 0.0533994 0.396388
4 0.5 0.281534 1 0.555412 0.370068
0 0.658476 0.528703 0.0162866 0.0432131 0.281871
0 0.586206 0.713738 0.0428911 0.0703278 0.785445
0 0.589515 0.591989 0.0555911 0.058663 0.757882
0 0.554765 0.701234 0.0271938 0.0426199 0.751522
0 0.648228 0.736053 0.0257587 0.0461245 0.735978
0 0.352822 0.66583 0.0284462 0.0393632 0.729874
0 0.638366 0.79652 0.0583046 0.0553887 0.72915
0 0.581622 0.779564 0.0267453 0.038889 0.728799
0 0.529821 0.706422 0.0323919 0.0509097 0.660598
0 0.582843 0.834494 0.0243491 0.0326623 0.655703
0 0.535631 0.636023 0.037645 0.0614678 0.655195
0 0.621083 0.740588 0.0368784 0.0457312 0.63441
0 0.507095 0.640633 0.0298597 0.0544277 0.631569
0 0.576384 0.907065 0.0268427 0.0349154 0.615263
0 0.643849 0.475563 0.0371734 0.0672305 0.558743
0 0.508379 0.56431 0.0368685 0.0527306 0.548215
0 0.368997 0.608061 0.0316904 0.0344816 0.535012
0 0.419471 0.607872 0.0389374 0.037724 0.530684
1 0.644245 0.476144 0.037479 0.0667188 0.497325
0 0.419655 0.58344 0.0345705 0.0308415 0.482444
0 0.698273 0.863699 0.0278108 0.0373607 0.462647
0 0.341379 0.615011 0.0380904 0.0395703 0.454573
1 0.508701 0.564549 0.0370519 0.0533994 0.396388
4 0.5 0.281534 1 0.555412 0.370068
0 0.658476 0.528703 0.0162866 0.0432131 0.281871
