3 0.645865 0.713663 0.037788 0.0707541 0.76925
3 0.692955 0.735482 0.0481663 0.0870549 0.672832
3 0.458845 0.543898 0.0506954 0.109681 0.641134
2 0.638566 0.659311 0.0349184 0.074789 0.418184
3 0.638111 0.659311 0.0363888 0.0761571 0.36988
3 0.645822 0.713872 0.038006 0.0708697 0.769964
3 0.692836 0.735653 0.0482886 0.0868673 0.671672
3 0.458537 0.543589 0.0505089 0.111305 0.595332
2 0.638534 0.659283 0.035025 0.0753183 0.404149
3 0.637913 0.659808 0.0362774 0.0752249 0.384592
2 0.69323 0.736877 0.0483649 0.0872871 0.269204
3 0.645822 0.713872 0.038006 0.0708697 0.769964
3 0.692836 0.735653 0.0482886 0.0868673 0.671672
3 0.458537 0.543589 0.0505089 0.111305 0.595332
2 0.638534 0.659283 0.035025 0.0753183 0.404149
3 0.637913 0.659808 0.0362774 0.0752249 0.384592
2 0.69323 0.736877 0.0483649 0.0872871 0.269204
3 0.645822 0.713872 0.038006 0.0708697 0.769964
3 0.692836 0.735653 0.0482886 0.0868673 0.671672
3 0.458537 0.543589 0.0505089 0.111305 0.595332
2 0.638534 0.659283 0.035025 0.0753183 0.404149
3 0.637913 0.659808 0.0362774 0.0752249 0.384592
2 0.69323 0.736877 0.0483649 0.0872871 0.269204
