0 0.268094 0.420802 0.0945 0.14054 0.862086
0 0.261651 0.505909 0.0548158 0.0910757 0.84562
0 0.134827 0.291036 0.0769792 0.150076 0.833348
2 0.176512 0.494385 0.101929 0.203081 0.830343
2 0.340098 0.372871 0.0826306 0.110065 0.812688
2 0.333324 0.458757 0.0713044 0.126867 0.808718
0 0.514069 0.338546 0.0426721 0.0784508 0.80461
0 0.119144 0.0946223 0.0737284 0.126375 0.760896
0 0.0866311 0.0434226 0.0980172 0.086143 0.72354
0 0.170514 0.126139 0.0561445 0.112362 0.70961
0 0.468993 0.384876 0.0397667 0.0497534 0.688968
1 0.988485 0.51851 0.02303 0.0878695 0.356363
0 0.267987 0.420694 0.0943736 0.140478 0.852645
0 0.261604 0.505768 0.0548279 0.0911244 0.845639
2 0.17646 0.494221 0.101891 0.20274 0.830354
0 0.135123 0.289838 0.077595 0.1476 0.828604
2 0.340108 0.372845 0.082768 0.110171 0.815521
2 0.333336 0.458819 0.0715845 0.126991 0.807151
0 0.514132 0.33859 0.0427275 0.0785101 0.800624
0 0.17122 0.127097 0.0566889 0.113105 0.758123
0 0.119275 0.09471 0.0739197 0.126304 0.746852
0 0.0864587 0.0441344 0.0988685 0.0869245 0.71036
0 0.469203 0.384499 0.040347 0.051863 0.692355
1 0.988111 0.518412 0.023777 0.0886935 0.370998
0 0.267987 0.420694 0.0943736 0.140478 0.852645
0 0.261604 0.505768 0.0548279 0.0911244 0.845639
2 0.17646 0.494221 0.101891 0.20274 0.830354
0 0.135123 0.289838 0.077595 0.1476 0.828604
2 0.340108 0.372845 0.082768 0.110171 0.815521
2 0.333336 0.458819 0.0715845 0.126991 0.807151
0 0.514132 0.33859 0.0427275 0.0785101 0.800624
0 0.17122 0.127097 0.0566889 0.113105 0.758123
0 0.119275 0.09471 0.0739197 0.126304 0.746852
0 0.0864587 0.0441344 0.0988685 0.0869245 0.71036
0 0.469203 0.384499 0.040347 0.051863 0.692355
1 0.988111 0.518412 0.023777 0.0886935 0.370998
0 0.267987 0.420694 0.0943736 0.140478 0.852645
0 0.261604 0.505768 0.0548279 0.0911244 0.845639
2 0.17646 0.494221 0.101891 0.20274 0.830354
0 0.135123 0.289838 0.077595 0.1476 0.828604
2 0.340108 0.372845 0.082768 0.110171 0.815521
2 0.333336 0.458819 0.0715845 0.126991 0.807151
0 0.514132 0.33859 0.0427275 0.0785101 0.800624
0 0.17122 0.127097 0.0566889 0.113105 0.758123
0 0.119275 0.09471 0.0739197 0.126304 0.746852
0 0.0864587 0.0441344 0.0988685 0.0869245 0.71036
0 0.469203 0.384499 0.040347 0.051863 0.692355
1 0.988111 0.518412 0.023777 0.0886935 0.370998
