1 0.282632 0.0510123 0.0710193 0.102025 0.770344
0 0.51402 0.628637 0.0631961 0.112695 0.766964
0 0.360049 0.281377 0.0874333 0.195406 0.544687
2 0.487964 0.178385 0.04656 0.0981825 0.427308
4 0.193935 0.804137 0.37295 0.391726 0.412865
1 0.358414 0.285339 0.0871356 0.198847 0.379187
1 0.311869 0.168517 0.0391988 0.101579 0.301848
0 0.513716 0.628482 0.0618259 0.111392 0.753536
1 0.283154 0.0520756 0.0723372 0.103224 0.750789
0 0.359773 0.281202 0.0855138 0.195852 0.496218
1 0.358993 0.284931 0.0853143 0.198654 0.41835
2 0.487896 0.178277 0.0466075 0.0987963 0.356997
0 0.513716 0.628482 0.0618259 0.111392 0.753536
1 0.283154 0.0520756 0.0723372 0.103224 0.750789
0 0.359773 0.281202 0.0855138 0.195852 0.496218
1 0.358993 0.284931 0.0853143 0.198654 0.41835
2 0.487896 0.178277 0.0466075 0.0987963 0.356997
0 0.513716 0.628482 0.0618259 0.111392 0.753536
1 0.283154 0.0520756 0.0723372 0.103224 0.750789
0 0.359773 0.281202 0.0855138 0.195852 0.496218
1 0.358993 0.284931 0.0853143 0.198654 0.41835
2 0.487896 0.178277 0.0466075 0.0987963 0.356997
