2 0.507117 0.295327 0.0284824 0.0294892 0.672756
2 0.414033 0.323559 0.0246714 0.0375383 0.561643
2 0.527691 0.362175 0.0212077 0.0302549 0.484091
0 0.416881 0.295513 0.0198828 0.0311674 0.390031
2 0.507114 0.29533 0.0283939 0.0294264 0.678047
2 0.414033 0.323544 0.0245847 0.0374851 0.56718
2 0.527692 0.362176 0.0211871 0.0302485 0.488923
0 0.416906 0.295507 0.0197851 0.0311121 0.390783
2 0.507114 0.29533 0.0283939 0.0294264 0.678047
2 0.414033 0.323544 0.0245847 0.0374851 0.56718
2 0.527692 0.362176 0.0211871 0.0302485 0.488923
0 0.416906 0.295507 0.0197851 0.0311121 0.390783
2 0.507114 0.29533 0.0283939 0.0294264 0.678047
2 0.414033 0.323544 0.0245847 0.0374851 0.56718
2 0.527692 0.362176 0.0211871 0.0302485 0.488923
0 0.416906 0.295507 0.0197851 0.0311121 0.390783
