0 0.577773 0.786117 0.0602737 0.0903914 0.801525
1 0.585435 0.345238 0.0812014 0.139446 0.783794
1 0.237488 0.901353 0.0751315 0.144611 0.765633
0 0.433874 0.495504 0.0637238 0.0938859 0.68594
0 0.834157 0.65878 0.0312649 0.0312357 0.556054
2 0.0699141 0.615451 0.0190786 0.0318593 0.514
0 0.2997 0.757909 0.0356716 0.0471497 0.504936
0 0.658453 0.700298 0.0272303 0.032035 0.499563
2 0.976062 0.749811 0.0155273 0.0238495 0.491028
0 0.577678 0.785985 0.0608495 0.0904428 0.802027
1 0.585467 0.344818 0.0811832 0.139718 0.78139
1 0.23748 0.901999 0.075524 0.146443 0.766033
0 0.433806 0.49541 0.0637532 0.0940567 0.681084
0 0.834158 0.658668 0.0313587 0.0312808 0.577575
2 0.0699088 0.61532 0.019268 0.0323326 0.523535
0 0.65839 0.700318 0.0270514 0.0315953 0.509903
2 0.976059 0.749791 0.0154667 0.0237617 0.488969
0 0.299747 0.757765 0.0359945 0.0481565 0.420634
1 0.784478 0.706136 0.0136841 0.0197975 0.253191
0 0.577678 0.785985 0.0608495 0.0904428 0.802027
1 0.585467 0.344818 0.0811832 0.139718 0.78139
1 0.23748 0.901999 0.075524 0.146443 0.766033
0 0.433806 0.49541 0.0637532 0.0940567 0.681084
0 0.834158 0.658668 0.0313587 0.0312808 0.577575
2 0.0699088 0.61532 0.019268 0.0323326 0.523535
0 0.65839 0.700318 0.0270514 0.0315953 0.509903
2 0.976059 0.749791 0.0154667 0.0237617 0.488969
0 0.299747 0.757765 0.0359945 0.0481565 0.420634
1 0.784478 0.706136 0.0136841 0.0197975 0.253191
0 0.577678 0.785985 0.0608495 0.0904428 0.802027
1 0.585467 0.344818 0.0811832 0.139718 0.78139
1 0.23748 0.901999 0.075524 0.146443 0.766033
0 0.433806 0.49541 0.0637532 0.0940567 0.681084
0 0.834158 0.658668 0.0313587 0.0312808 0.577575
2 0.0699088 0.61532 0.019268 0.0323326 0.523535
0 0.65839 0.700318 0.0270514 0.0315953 0.509903
2 0.976059 0.749791 0.0154667 0.0237617 0.488969
0 0.299747 0.757765 0.0359945 0.0481565 0.420634
1 0.784478 0.706136 0.0136841 0.0197975 0.253191
