3 0.694441 0.852814 0.0493543 0.0591898 0.900847
3 0.607112 0.214827 0.0368761 0.047375 0.848562
3 0.666294 0.223121 0.0513223 0.0616869 0.841736
3 0.520164 0.604499 0.0416387 0.0789612 0.837999
2 0.297005 0.641259 0.0371245 0.0762706 0.823138
0 0.619627 0.952118 0.0322479 0.036835 0.719931
3 0.69444 0.852844 0.049227 0.0590458 0.902874
3 0.607011 0.21486 0.0369087 0.0472685 0.854552
3 0.520116 0.604621 0.0413151 0.0786086 0.852506
2 0.297057 0.641214 0.0369671 0.0759233 0.839319
3 0.666312 0.222845 0.0514 0.0607046 0.829102
0 0.61973 0.95195 0.0318499 0.0367286 0.758017
3 0.69444 0.852844 0.049227 0.0590458 0.902874
3 0.607011 0.21486 0.0369087 0.0472685 0.854552
3 0.520116 0.604621 0.0413151 0.0786086 0.852506
2 0.297057 0.641214 0.0369671 0.0759233 0.839319
3 0.666312 0.222845 0.0514 0.0607046 0.829102
0 0.61973 0.95195 0.0318499 0.0367286 0.758017
3 0.69444 0.852844 0.049227 0.0590458 0.902874
3 0.607011 0.21486 0.0369087 0.0472685 0.854552
3 0.520116 0.604621 0.0413151 0.0786086 0.852506
2 0.297057 0.641214 0.0369671 0.0759233 0.839319
3 0.666312 0.222845 0.0514 0.0607046 0.829102
0 0.61973 0.95195 0.0318499 0.0367286 0.758017
