3 0.551866 0.326522 0.0316835 0.0520765 0.827179
1 0.312511 0.73025 0.0430058 0.0668435 0.822919
1 0.301406 0.967342 0.0327274 0.0649672 0.793514
1 0.531048 0.344447 0.0341343 0.0698709 0.785866
1 0.221695 0.622211 0.0352562 0.0759471 0.773179
1 0.287115 0.879688 0.0367248 0.0642264 0.763059
1 0.343267 0.866828 0.033099 0.0443219 0.751466
3 0.329044 0.966143 0.034517 0.0430634 0.749757
3 0.19181 0.379878 0.0279375 0.0641308 0.743131
1 0.188791 0.661655 0.0197706 0.0387544 0.648207
1 0.221467 0.671894 0.0182064 0.0317794 0.643201
1 0.197437 0.598799 0.0174334 0.0341111 0.640561
3 0.175825 0.245754 0.0340339 0.0383336 0.616275
2 0.373082 0.713006 0.0189822 0.0313808 0.615663
2 0.965877 0.415175 0.0125814 0.0183894 0.485521
1 0.16089 0.636057 0.0146324 0.0251801 0.47842
1 0.168843 0.662207 0.0153671 0.0249024 0.472333
1 0.473693 0.585918 0.0198869 0.0324437 0.451973
1 0.465163 0.409215 0.0325592 0.0635838 0.44057
1 0.662694 0.0311539 0.0423546 0.0623078 0.419929
2 0.201631 0.70815 0.0193222 0.0327753 0.418837
1 0.65994 0.703015 0.017636 0.0279834 0.368197
3 0.332531 0.988209 0.0287049 0.0234001 0.339796
1 0.157745 0.618632 0.0165654 0.022118 0.326822
1 0.31251 0.73032 0.0430434 0.0666117 0.823993
3 0.551908 0.326444 0.0322733 0.051921 0.823161
1 0.301171 0.967391 0.0340084 0.0647069 0.806601
1 0.531141 0.344527 0.0338179 0.0697094 0.788144
1 0.221335 0.62241 0.0336946 0.0768414 0.772569
1 0.287078 0.879908 0.0365761 0.0641142 0.765445
1 0.343289 0.867005 0.0331253 0.0443191 0.752387
3 0.191803 0.379822 0.0274651 0.0631235 0.750789
3 0.328927 0.966531 0.0347052 0.0440622 0.73166
1 0.221349 0.671988 0.0179078 0.0315202 0.64524
1 0.188799 0.661626 0.0195917 0.0388768 0.644746
1 0.197448 0.598771 0.017368 0.0341062 0.636187
2 0.373074 0.713088 0.0188155 0.0311117 0.617981
3 0.175865 0.245768 0.0338084 0.0382411 0.613598
1 0.662744 0.0317036 0.042947 0.0623397 0.565452
1 0.160884 0.635927 0.0145923 0.0252221 0.481562
2 0.965874 0.415189 0.0126472 0.0184939 0.478999
1 0.168817 0.662197 0.0152067 0.024943 0.476809
1 0.47369 0.585717 0.020393 0.0333489 0.4546
3 0.464785 0.409539 0.0331153 0.0661686 0.422486
1 0.465085 0.409191 0.0327003 0.0636245 0.411812
2 0.201647 0.708054 0.0192385 0.0327519 0.411674
1 0.660293 0.702769 0.0174601 0.0275611 0.404007
3 0.17875 0.454376 0.0210679 0.0316048 0.341496
3 0.332178 0.986876 0.0289633 0.0258559 0.337516
1 0.157712 0.618667 0.0165296 0.0219325 0.316878
1 0.31251 0.73032 0.0430434 0.0666117 0.823993
3 0.551908 0.326444 0.0322733 0.051921 0.823161
1 0.301171 0.967391 0.0340084 0.0647069 0.806601
1 0.531141 0.344527 0.0338179 0.0697094 0.788144
1 0.221335 0.62241 0.0336946 0.0768414 0.772569
1 0.287078 0.879908 0.0365761 0.0641142 0.765445
1 0.343289 0.867005 0.0331253 0.0443191 0.752387
3 0.191803 0.379822 0.0274651 0.0631235 0.750789
3 0.328927 0.966531 0.0347052 0.0440622 0.73166
1 0.221349 0.671988 0.0179078 0.0315202 0.64524
1 0.188799 0.661626 0.0195917 0.0388768 0.644746
1 0.197448 0.598771 0.017368 0.0341062 0.636187
2 0.373074 0.713088 0.0188155 0.0311117 0.617981
3 0.175865 0.245768 0.0338084 0.0382411 0.613598
1 0.662744 0.0317036 0.042947 0.0623397 0.565452
1 0.160884 0.635927 0.0145923 0.0252221 0.481562
2 0.965874 0.415189 0.0126472 0.0184939 0.478999
1 0.168817 0.662197 0.0152067 0.024943 0.476809
1 0.47369 0.585717 0.020393 0.0333489 0.4546
3 0.464785 0.409539 0.0331153 0.0661686 0.422486
1 0.465085 0.409191 0.0327003 0.0636245 0.411812
2 0.201647 0.708054 0.0192385 0.0327519 0.411674
1 0.660293 0.702769 0.0174601 0.0275611 0.404007
3 0.17875 0.454376 0.0210679 0.0316048 0.341496
3 0.332178 0.986876 0.0289633 0.0258559 0.337516
1 0.157712 0.618667 0.0165296 0.0219325 0.316878
1 0.31251 0.73032 0.0430434 0.0666117 0.823993
3 0.551908 0.326444 0.0322733 0.051921 0.823161
1 0.301171 0.967391 0.0340084 0.0647069 0.806601
1 0.531141 0.344527 0.0338179 0.0697094 0.788144
1 0.221335 0.62241 0.0336946 0.0768414 0.772569
1 0.287078 0.879908 0.0365761 0.0641142 0.765445
1 0.343289 0.867005 0.0331253 0.0443191 0.752387
3 0.191803 0.379822 0.0274651 0.0631235 0.750789
3 0.328927 0.966531 0.0347052 0.0440622 0.73166
1 0.221349 0.671988 0.0179078 0.0315202 0.64524
1 0.188799 0.661626 0.0195917 0.0388768 0.644746
1 0.197448 0.598771 0.017368 0.0341062 0.636187
2 0.373074 0.713088 0.0188155 0.0311117 0.617981
3 0.175865 0.245768 0.0338084 0.0382411 0.613598
1 0.662744 0.0317036 0.042947 0.0623397 0.565452
1 0.160884 0.635927 0.0145923 0.0252221 0.481562
2 0.965874 0.415189 0.0126472 0.0184939 0.478999
1 0.168817 0.662197 0.0152067 0.024943 0.476809
1 0.47369 0.585717 0.020393 0.0333489 0.4546
3 0.464785 0.409539 0.0331153 0.0661686 0.422486
1 0.465085 0.409191 0.0327003 0.0636245 0.411812
2 0.201647 0.708054 0.0192385 0.0327519 0.411674
1 0.660293 0.702769 0.0174601 0.0275611 0.404007
3 0.17875 0.454376 0.0210679 0.0316048 0.341496
3 0.332178 0.986876 0.0289633 0.0258559 0.337516
1 0.157712 0.618667 0.0165296 0.0219325 0.316878
