4 0.735659 0.629036 0.364677 0.569862 0.819198
4 0.312652 0.842883 0.475809 0.309346 0.736987
4 0.213998 0.440688 0.425777 0.348839 0.664188
4 0.512408 0.432559 0.234247 0.335635 0.407635
4 0.735873 0.629632 0.361244 0.56459 0.80546
4 0.311101 0.842088 0.47571 0.30876 0.673557
4 0.213681 0.441873 0.424092 0.346757 0.649211
0 0.818572 0.737236 0.0135542 0.0250918 0.429583
4 0.512099 0.432125 0.234189 0.333664 0.405906
0 0.242176 0.551097 0.0127709 0.0219327 0.268167
4 0.735873 0.629632 0.361244 0.56459 0.80546
4 0.311101 0.842088 0.47571 0.30876 0.673557
4 0.213681 0.441873 0.424092 0.346757 0.649211
0 0.818572 0.737236 0.0135542 0.0250918 0.429583
4 0.512099 0.432125 0.234189 0.333664 0.405906
0 0.242176 0.551097 0.0127709 0.0219327 0.268167
4 0.735873 0.629632 0.361244 0.56459 0.80546
4 0.311101 0.842088 0.47571 0.30876 0.673557
4 0.213681 0.441873 0.424092 0.346757 0.649211
0 0.818572 0.737236 0.0135542 0.0250918 0.429583
4 0.512099 0.432125 0.234189 0.333664 0.405906
0 0.242176 0.551097 0.0127709 0.0219327 0.268167
