0 0.701465 0.0514766 0.0259812 0.0443765 0.527566
1 0.756599 0.10786 0.0380334 0.0515424 0.481281
1 0.749883 0.0128474 0.0325405 0.0256949 0.445088
1 0.745705 0.0547783 0.02329 0.0486285 0.320363
1 0.751458 0.0127991 0.0362924 0.0255982 0.507534
1 0.756644 0.107941 0.0385573 0.0519385 0.503229
0 0.701431 0.0516588 0.0268399 0.0436054 0.482297
1 0.745795 0.0549072 0.0233415 0.048845 0.406772
1 0.751458 0.0127991 0.0362924 0.0255982 0.507534
1 0.756644 0.107941 0.0385573 0.0519385 0.503229
0 0.701431 0.0516588 0.0268399 0.0436054 0.482297
1 0.745795 0.0549072 0.0233415 0.048845 0.406772
1 0.751458 0.0127991 0.0362924 0.0255982 0.507534
1 0.756644 0.107941 0.0385573 0.0519385 0.503229
0 0.701431 0.0516588 0.0268399 0.0436054 0.482297
1 0.745795 0.0549072 0.0233415 0.048845 0.406772
