2 0.245915 0.752437 0.0580601 0.110452 0.819756
2 0.201123 0.4185 0.0727391 0.083317 0.781032
3 0.187871 0.730373 0.0837784 0.100032 0.778488
2 0.979707 0.539174 0.0200779 0.0355222 0.562242
2 0.758958 0.749253 0.0202309 0.0300604 0.532621
3 0.845215 0.112059 0.0252579 0.0462843 0.490553
2 0.955425 0.584448 0.0142056 0.0247264 0.420433
2 0.246013 0.752368 0.0582478 0.110207 0.82228
3 0.187988 0.730066 0.0839528 0.0999881 0.77646
2 0.201069 0.418613 0.0728407 0.0840149 0.773795
2 0.979722 0.539134 0.0206331 0.035872 0.555056
2 0.759021 0.749064 0.0204975 0.0303972 0.53253
3 0.845207 0.112038 0.0250107 0.0464817 0.44423
2 0.955408 0.584603 0.0140025 0.0247932 0.420642
2 0.151152 0.306061 0.0260225 0.0370577 0.277849
2 0.526129 0.467471 0.0219179 0.0301974 0.271814
2 0.246013 0.752368 0.0582478 0.110207 0.82228
3 0.187988 0.730066 0.0839528 0.0999881 0.77646
2 0.201069 0.418613 0.0728407 0.0840149 0.773795
2 0.979722 0.539134 0.0206331 0.035872 0.555056
2 0.759021 0.749064 0.0204975 0.0303972 0.53253
3 0.845207 0.112038 0.0250107 0.0464817 0.44423
2 0.955408 0.584603 0.0140025 0.0247932 0.420642
2 0.151152 0.306061 0.0260225 0.0370577 0.277849
2 0.526129 0.467471 0.0219179 0.0301974 0.271814
2 0.246013 0.752368 0.0582478 0.110207 0.82228
3 0.187988 0.730066 0.0839528 0.0999881 0.77646
2 0.201069 0.418613 0.0728407 0.0840149 0.773795
2 0.979722 0.539134 0.0206331 0.035872 0.555056
2 0.759021 0.749064 0.0204975 0.0303972 0.53253
3 0.845207 0.112038 0.0250107 0.0464817 0.44423
2 0.955408 0.584603 0.0140025 0.0247932 0.420642
2 0.151152 0.306061 0.0260225 0.0370577 0.277849
2 0.526129 0.467471 0.0219179 0.0301974 0.271814
