4 0.379729 0.329121 0.398624 0.654148 0.8712
4 0.688855 0.261987 0.279537 0.508903 0.868995
4 0.0880468 0.114795 0.175346 0.222163 0.58664
4 0.0400542 0.386308 0.0801083 0.426305 0.324434
4 0.380861 0.328254 0.400182 0.655326 0.903008
4 0.688974 0.260064 0.282999 0.510875 0.860912
4 0.0843761 0.11914 0.165427 0.220189 0.516459
4 0.0500178 0.487478 0.0991217 0.60866 0.343828
4 0.0357191 0.378893 0.07063 0.42136 0.257167
4 0.380861 0.328254 0.400182 0.655326 0.903008
4 0.688974 0.260064 0.282999 0.510875 0.860912
4 0.0843761 0.11914 0.165427 0.220189 0.516459
4 0.0500178 0.487478 0.0991217 0.60866 0.343828
4 0.0357191 0.378893 0.07063 0.42136 0.257167
4 0.380861 0.328254 0.400182 0.655326 0.903008
4 0.688974 0.260064 0.282999 0.510875 0.860912
4 0.0843761 0.11914 0.165427 0.220189 0.516459
4 0.0500178 0.487478 0.0991217 0.60866 0.343828
4 0.0357191 0.378893 0.07063 0.42136 0.257167
