0 0.172372 0.51286 0.0423306 0.0715988 0.882565
0 0.689959 0.205947 0.073032 0.0805742 0.87068
0 0.627893 0.244931 0.0577716 0.0855107 0.859012
0 0.351765 0.444416 0.0490893 0.0644388 0.852087
0 0.567372 0.614489 0.0566845 0.0946484 0.850778
0 0.393094 0.331311 0.0438189 0.0862808 0.847924
0 0.221051 0.518524 0.0421904 0.0835799 0.842065
0 0.565601 0.437549 0.0778837 0.0728223 0.839906
0 0.252104 0.445022 0.0435421 0.0435368 0.832314
0 0.474943 0.422174 0.046619 0.067425 0.823392
0 0.525986 0.593246 0.0337095 0.0521226 0.821918
0 0.263661 0.51246 0.0383637 0.0647212 0.817997
0 0.427399 0.351676 0.0366735 0.0592151 0.814075
0 0.600106 0.310517 0.036182 0.0471441 0.804191
0 0.616166 0.661156 0.0460465 0.0538001 0.799598
0 0.679288 0.343913 0.0333118 0.0484344 0.797727
0 0.504943 0.503634 0.0465242 0.0695256 0.7972
0 0.499247 0.60775 0.0432365 0.0665534 0.79622
0 0.563508 0.704604 0.0353481 0.0497113 0.793448
0 0.663605 0.696071 0.0324711 0.0478965 0.78481
0 0.486882 0.358562 0.0415306 0.0513481 0.783054
0 0.721409 0.851216 0.0337778 0.0588423 0.776818
0 0.409924 0.250642 0.0451524 0.040316 0.763784
0 0.469862 0.518097 0.0401499 0.0749475 0.760724
0 0.291459 0.445766 0.0406841 0.0369413 0.749472
0 0.642001 0.752608 0.0749064 0.0610899 0.709716
0 0.562804 0.908422 0.0328182 0.0498271 0.697943
0 0.384694 0.279476 0.0255357 0.0294802 0.688242
0 0.328091 0.252563 0.0287697 0.0340028 0.686345
0 0.571824 0.197729 0.0232314 0.0409557 0.664549
0 0.628152 0.474004 0.0237508 0.029069 0.541153
0 0.574457 0.809827 0.0300488 0.0392808 0.538333
0 0.691151 0.499608 0.0252201 0.0428525 0.474237
0 0.303754 0.172179 0.025761 0.0336609 0.359289
0 0.172411 0.512872 0.0424008 0.0714168 0.880521
0 0.690011 0.205806 0.0732587 0.0806747 0.874417
0 0.627976 0.245105 0.0576791 0.0847068 0.861615
0 0.56733 0.614398 0.0568192 0.0947311 0.857083
0 0.351696 0.444516 0.0493797 0.0646463 0.853898
0 0.393102 0.331321 0.0439026 0.086518 0.850918
0 0.220969 0.518582 0.042615 0.0831179 0.84728
0 0.565625 0.437843 0.0783145 0.0737035 0.837905
0 0.252149 0.445091 0.0433806 0.0430828 0.829646
0 0.526073 0.593304 0.033757 0.0525 0.827527
0 0.263687 0.512519 0.038206 0.0640876 0.827154
0 0.475039 0.422258 0.0469879 0.0678166 0.822492
0 0.427428 0.351647 0.0367787 0.0591975 0.814265
0 0.505064 0.503831 0.0468867 0.0696332 0.807174
0 0.6001 0.31071 0.0362234 0.0467428 0.80526
0 0.616213 0.661179 0.0461867 0.0539853 0.80368
0 0.563456 0.704721 0.0353285 0.0499694 0.799947
0 0.679319 0.343726 0.0335412 0.048674 0.795878
0 0.49922 0.607662 0.0433052 0.0667368 0.795005
0 0.663677 0.696149 0.0324904 0.0478999 0.785602
0 0.46986 0.518127 0.0405214 0.075088 0.784255
0 0.486949 0.358493 0.0417246 0.051347 0.783195
0 0.409881 0.250642 0.0450456 0.0401523 0.770278
0 0.721694 0.85108 0.0338393 0.0583656 0.760331
0 0.291499 0.445781 0.0406669 0.0366657 0.742129
0 0.328097 0.252464 0.0289106 0.0338735 0.707928
0 0.642024 0.752674 0.0751996 0.0615371 0.696263
0 0.562952 0.908428 0.0326449 0.048804 0.69262
0 0.384693 0.279473 0.0255429 0.0292302 0.689659
0 0.571778 0.197644 0.0231659 0.0407645 0.687634
0 0.574541 0.809786 0.0296719 0.0384235 0.584815
0 0.628141 0.474024 0.0239174 0.0292591 0.538243
0 0.691176 0.499594 0.0254118 0.0427841 0.499686
0 0.414165 0.482626 0.0241961 0.0403294 0.37803
0 0.303751 0.172075 0.0256585 0.033516 0.359736
0 0.172411 0.512872 0.0424008 0.0714168 0.880521
0 0.690011 0.205806 0.0732587 0.0806747 0.874417
0 0.627976 0.245105 0.0576791 0.0847068 0.861615
0 0.56733 0.614398 0.0568192 0.0947311 0.857083
0 0.351696 0.444516 0.0493797 0.0646463 0.853898
0 0.393102 0.331321 0.0439026 0.086518 0.850918
0 0.220969 0.518582 0.042615 0.0831179 0.84728
0 0.565625 0.437843 0.0783145 0.0737035 0.837905
0 0.252149 0.445091 0.0433806 0.0430828 0.829646
0 0.526073 0.593304 0.033757 0.0525 0.827527
0 0.263687 0.512519 0.038206 0.0640876 0.827154
0 0.475039 0.422258 0.0469879 0.0678166 0.822492
0 0.427428 0.351647 0.0367787 0.0591975 0.814265
0 0.505064 0.503831 0.0468867 0.0696332 0.807174
0 0.6001 0.31071 0.0362234 0.0467428 0.80526
0 0.616213 0.661179 0.0461867 0.0539853 0.80368
0 0.563456 0.704721 0.0353285 0.0499694 0.799947
0 0.679319 0.343726 0.0335412 0.048674 0.795878
0 0.49922 0.607662 0.0433052 0.0667368 0.795005
0 0.663677 0.696149 0.0324904 0.0478999 0.785602
0 0.46986 0.518127 0.0405214 0.075088 0.784255
0 0.486949 0.358493 0.0417246 0.051347 0.783195
0 0.409881 0.250642 0.0450456 0.0401523 0.770278
0 0.721694 0.85108 0.0338393 0.0583656 0.760331
0 0.291499 0.445781 0.0406669 0.0366657 0.742129
0 0.328097 0.252464 0.0289106 0.0338735 0.707928
0 0.642024 0.752674 0.0751996 0.0615371 0.696263
0 0.562952 0.908428 0.0326449 0.048804 0.69262
0 0.384693 0.279473 0.0255429 0.0292302 0.689659
0 0.571778 0.197644 0.0231659 0.0407645 0.687634
0 0.574541 0.809786 0.0296719 0.0384235 0.584815
0 0.628141 0.474024 0.0239174 0.0292591 0.538243
0 0.691176 0.499594 0.0254118 0.0427841 0.499686
0 0.414165 0.482626 0.0241961 0.0403294 0.37803
0 0.303751 0.172075 0.0256585 0.033516 0.359736
0 0.172411 0.512872 0.0424008 0.0714168 0.880521
0 0.690011 0.205806 0.0732587 0.0806747 0.874417
0 0.627976 0.245105 0.0576791 0.0847068 0.861615
0 0.56733 0.614398 0.0568192 0.0947311 0.857083
0 0.351696 0.444516 0.0493797 0.0646463 0.853898
0 0.393102 0.331321 0.0439026 0.086518 0.850918
0 0.220969 0.518582 0.042615 0.0831179 0.84728
0 0.565625 0.437843 0.0783145 0.0737035 0.837905
0 0.252149 0.445091 0.0433806 0.0430828 0.829646
0 0.526073 0.593304 0.033757 0.0525 0.827527
0 0.263687 0.512519 0.038206 0.0640876 0.827154
0 0.475039 0.422258 0.0469879 0.0678166 0.822492
0 0.427428 0.351647 0.0367787 0.0591975 0.814265
0 0.505064 0.503831 0.0468867 0.0696332 0.807174
0 0.6001 0.31071 0.0362234 0.0467428 0.80526
0 0.616213 0.661179 0.0461867 0.0539853 0.80368
0 0.563456 0.704721 0.0353285 0.0499694 0.799947
0 0.679319 0.343726 0.0335412 0.048674 0.795878
0 0.49922 0.607662 0.0433052 0.0667368 0.795005
0 0.663677 0.696149 0.0324904 0.0478999 0.785602
0 0.46986 0.518127 0.0405214 0.075088 0.784255
0 0.486949 0.358493 0.0417246 0.051347 0.783195
0 0.409881 0.250642 0.0450456 0.0401523 0.770278
0 0.721694 0.85108 0.0338393 0.0583656 0.760331
0 0.291499 0.445781 0.0406669 0.0366657 0.742129
0 0.328097 0.252464 0.0289106 0.0338735 0.707928
0 0.642024 0.752674 0.0751996 0.0615371 0.696263
0 0.562952 0.908428 0.0326449 0.048804 0.69262
0 0.384693 0.279473 0.0255429 0.0292302 0.689659
0 0.571778 0.197644 0.0231659 0.0407645 0.687634
0 0.574541 0.809786 0.0296719 0.0384235 0.584815
0 0.628141 0.474024 0.0239174 0.0292591 0.538243
0 0.691176 0.499594 0.0254118 0.0427841 0.499686
0 0.414165 0.482626 0.0241961 0.0403294 0.37803
0 0.303751 0.172075 0.0256585 0.033516 0.359736
