4 0.49186 0.496157 0.981378 0.992314 0.912687
3 0.361212 0.869002 0.0602673 0.093249 0.843061
3 0.408836 0.858703 0.0228944 0.0318881 0.735902
4 0.490817 0.503378 0.971861 0.992126 0.904808
3 0.361192 0.869088 0.06017 0.0936525 0.840263
3 0.408833 0.858672 0.022931 0.0320402 0.735835
4 0.490817 0.503378 0.971861 0.992126 0.904808
3 0.361192 0.869088 0.06017 0.0936525 0.840263
3 0.408833 0.858672 0.022931 0.0320402 0.735835
4 0.490817 0.503378 0.971861 0.992126 0.904808
3 0.361192 0.869088 0.06017 0.0936525 0.840263
3 0.408833 0.858672 0.022931 0.0320402 0.735835
