4 0.303321 0.673765 0.234268 0.236955 0.820023
4 0.480404 0.648431 0.0932457 0.156248 0.748906
4 0.862678 0.703543 0.274644 0.184776 0.724112
4 0.0557485 0.68703 0.111497 0.255944 0.691423
4 0.656889 0.615162 0.156195 0.097724 0.623647
4 0.303621 0.67373 0.234918 0.237054 0.822114
4 0.480476 0.64821 0.0930325 0.156309 0.750807
4 0.862712 0.703058 0.274577 0.185739 0.73913
4 0.0587274 0.688239 0.117455 0.260422 0.691236
4 0.657376 0.614444 0.156861 0.0982164 0.606584
4 0.303621 0.67373 0.234918 0.237054 0.822114
4 0.480476 0.64821 0.0930325 0.156309 0.750807
4 0.862712 0.703058 0.274577 0.185739 0.73913
4 0.0587274 0.688239 0.117455 0.260422 0.691236
4 0.657376 0.614444 0.156861 0.0982164 0.606584
4 0.303621 0.67373 0.234918 0.237054 0.822114
4 0.480476 0.64821 0.0930325 0.156309 0.750807
4 0.862712 0.703058 0.274577 0.185739 0.73913
4 0.0587274 0.688239 0.117455 0.260422 0.691236
4 0.657376 0.614444 0.156861 0.0982164 0.606584
