1 0.636413 0.466259 0.0621254 0.0819796 0.837108
1 0.686592 0.433294 0.0577477 0.0555425 0.833174
0 0.193283 0.646276 0.0214477 0.0315823 0.598173
1 0.565051 0.060765 0.0642071 0.0555326 0.488906
0 0.164436 0.625108 0.0160061 0.0224238 0.364048
1 0.636323 0.466127 0.0625209 0.0825118 0.839354
1 0.686586 0.433421 0.0577194 0.0557216 0.839243
0 0.193317 0.646389 0.0215399 0.0317235 0.549979
1 0.565479 0.0610501 0.0644891 0.0548119 0.494093
0 0.164459 0.625096 0.0159825 0.022395 0.336775
1 0.636323 0.466127 0.0625209 0.0825118 0.839354
1 0.686586 0.433421 0.0577194 0.0557216 0.839243
0 0.193317 0.646389 0.0215399 0.0317235 0.549979
1 0.565479 0.0610501 0.0644891 0.0548119 0.494093
0 0.164459 0.625096 0.0159825 0.022395 0.336775
1 0.636323 0.466127 0.0625209 0.0825118 0.839354
1 0.686586 0.433421 0.0577194 0.0557216 0.839243
0 0.193317 0.646389 0.0215399 0.0317235 0.549979
1 0.565479 0.0610501 0.0644891 0.0548119 0.494093
0 0.164459 0.625096 0.0159825 0.022395 0.336775
