4 0.111609 0.427552 0.222929 0.204354 0.6944
4 0.626879 0.477056 0.314795 0.284238 0.690618
4 0.3297 0.814631 0.3284 0.364863 0.684553
4 0.111458 0.428156 0.222917 0.20421 0.708797
4 0.626754 0.47763 0.314856 0.284562 0.695811
4 0.328453 0.829369 0.333192 0.331838 0.667782
4 0.111458 0.428156 0.222917 0.20421 0.708797
4 0.626754 0.47763 0.314856 0.284562 0.695811
4 0.328453 0.829369 0.333192 0.331838 0.667782
4 0.111458 0.428156 0.222917 0.20421 0.708797
4 0.626754 0.47763 0.314856 0.284562 0.695811
4 0.328453 0.829369 0.333192 0.331838 0.667782
