1 0.714653 0.86856 0.0461028 0.0798587 0.834924
2 0.597209 0.612806 0.0552668 0.107913 0.813005
0 0.673536 0.801206 0.0346218 0.0663752 0.761436
1 0.560959 0.586808 0.036412 0.0799056 0.715025
0 0.678016 0.874975 0.029838 0.0713539 0.713729
1 0.671556 0.671089 0.032695 0.0465121 0.635908
1 0.678392 0.606287 0.0529492 0.0697599 0.525682
1 0.0556545 0.860695 0.0173357 0.0312586 0.333215
3 0.245185 0.478808 0.0250208 0.0454426 0.304829
1 0.714609 0.868297 0.0458277 0.08006 0.839163
2 0.597254 0.612762 0.0551523 0.107957 0.802277
0 0.673517 0.80132 0.0346302 0.0663285 0.748453
1 0.560971 0.586938 0.0364201 0.0800657 0.732291
0 0.678089 0.874913 0.029536 0.0710224 0.695516
1 0.67135 0.671013 0.0324567 0.0463433 0.614829
1 0.678302 0.606207 0.0528801 0.0694017 0.589331
1 0.0556717 0.860728 0.0172671 0.0311638 0.423618
3 0.245457 0.47885 0.025028 0.0461111 0.291821
1 0.714609 0.868297 0.0458277 0.08006 0.839163
2 0.597254 0.612762 0.0551523 0.107957 0.802277
0 0.673517 0.80132 0.0346302 0.0663285 0.748453
1 0.560971 0.586938 0.0364201 0.0800657 0.732291
0 0.678089 0.874913 0.029536 0.0710224 0.695516
1 0.67135 0.671013 0.0324567 0.0463433 0.614829
1 0.678302 0.606207 0.0528801 0.0694017 0.589331
1 0.0556717 0.860728 0.0172671 0.0311638 0.423618
3 0.245457 0.47885 0.025028 0.0461111 0.291821
1 0.714609 0.868297 0.0458277 0.08006 0.839163
2 0.597254 0.612762 0.0551523 0.107957 0.802277
0 0.673517 0.80132 0.0346302 0.0663285 0.748453
1 0.560971 0.586938 0.0364201 0.0800657 0.732291
0 0.678089 0.874913 0.029536 0.0710224 0.695516
1 0.67135 0.671013 0.0324567 0.0463433 0.614829
1 0.678302 0.606207 0.0528801 0.0694017 0.589331
1 0.0556717 0.860728 0.0172671 0.0311638 0.423618
3 0.245457 0.47885 0.025028 0.0461111 0.291821
