1 0.553916 0.756014 0.0693845 0.135998 0.884435
1 0.83437 0.824757 0.0684782 0.093789 0.856312
2 0.785672 0.0495409 0.0810404 0.0961491 0.850758
1 0.554776 0.376411 0.0728123 0.0875964 0.847493
1 0.463911 0.369383 0.0577253 0.111794 0.845828
1 0.61292 0.632731 0.0487663 0.0877701 0.836006
1 0.442751 0.304087 0.0590452 0.0817707 0.824844
1 0.781894 0.267693 0.0633152 0.0968353 0.820994
3 0.488791 0.228925 0.0468762 0.0589341 0.820698
2 0.864621 0.471638 0.0534077 0.100435 0.794629
1 0.372067 0.0395407 0.0559677 0.0762508 0.776883
3 0.47384 0.498271 0.0319654 0.0555353 0.761388
3 0.637172 0.580714 0.0302645 0.0410229 0.754037
1 0.745397 0.922075 0.0418181 0.0957341 0.75376
1 0.811191 0.966995 0.0394382 0.0657954 0.744977
1 0.428196 0.581398 0.0214745 0.0395961 0.694723
3 0.858155 0.644464 0.0315765 0.0309126 0.652586
1 0.33263 0.434604 0.0203658 0.0331808 0.628031
0 0.158203 0.379746 0.0169466 0.0238286 0.603905
0 0.167083 0.386992 0.0146805 0.0279524 0.601951
1 0.822194 0.767831 0.0389362 0.0532781 0.588255
1 0.58201 0.80735 0.0336975 0.0772269 0.547665
1 0.22861 0.43256 0.0165985 0.0242847 0.500363
1 0.403939 0.54767 0.0202594 0.0331177 0.448335
0 0.0497479 0.3926 0.0177094 0.0284984 0.380285
1 0.553948 0.756074 0.0693939 0.136865 0.882089
1 0.834328 0.824659 0.0684086 0.0935103 0.859813
2 0.78538 0.0498181 0.0807542 0.0960742 0.849313
1 0.554721 0.376439 0.072624 0.0876916 0.849204
1 0.463389 0.36965 0.0571371 0.10986 0.844306
1 0.612908 0.632655 0.048777 0.0876261 0.835874
1 0.4427 0.3041 0.0590754 0.0819669 0.823553
1 0.78171 0.267188 0.0628902 0.0982823 0.822958
3 0.488682 0.228772 0.0464567 0.0585581 0.816026
2 0.864655 0.471542 0.0536653 0.101227 0.776083
1 0.811201 0.96687 0.0395809 0.0651323 0.769639
3 0.63715 0.580645 0.0303232 0.0412961 0.758633
3 0.473781 0.498484 0.0321424 0.0558548 0.756234
1 0.745205 0.922119 0.0424656 0.0964341 0.75155
1 0.372788 0.0397092 0.0566744 0.0770712 0.72799
1 0.428199 0.581364 0.0213413 0.0395775 0.695296
3 0.858168 0.644499 0.0315983 0.0315076 0.648978
1 0.822201 0.767783 0.0390892 0.0533713 0.633009
1 0.332634 0.434612 0.0204054 0.0331728 0.626146
0 0.167073 0.387014 0.0147621 0.0279763 0.611518
0 0.158213 0.379797 0.0169601 0.0238008 0.610523
1 0.228579 0.432663 0.0166527 0.0243781 0.509709
1 0.58194 0.80747 0.0340635 0.077628 0.505436
1 0.403922 0.547663 0.0203092 0.0332198 0.439018
0 0.0498136 0.39257 0.0175582 0.0286874 0.379622
0 0.397999 0.142138 0.0239993 0.0405908 0.320592
0 0.0351721 0.43294 0.0196357 0.0211686 0.308684
1 0.978159 0.631632 0.0157341 0.0246685 0.293758
2 0.267596 0.48631 0.0104863 0.0162776 0.280066
0 0.0892452 0.301837 0.0143006 0.0242098 0.250647
1 0.553948 0.756074 0.0693939 0.136865 0.882089
1 0.834328 0.824659 0.0684086 0.0935103 0.859813
2 0.78538 0.0498181 0.0807542 0.0960742 0.849313
1 0.554721 0.376439 0.072624 0.0876916 0.849204
1 0.463389 0.36965 0.0571371 0.10986 0.844306
1 0.612908 0.632655 0.048777 0.0876261 0.835874
1 0.4427 0.3041 0.0590754 0.0819669 0.823553
1 0.78171 0.267188 0.0628902 0.0982823 0.822958
3 0.488682 0.228772 0.0464567 0.0585581 0.816026
2 0.864655 0.471542 0.0536653 0.101227 0.776083
1 0.811201 0.96687 0.0395809 0.0651323 0.769639
3 0.63715 0.580645 0.0303232 0.0412961 0.758633
3 0.473781 0.498484 0.0321424 0.0558548 0.756234
1 0.745205 0.922119 0.0424656 0.0964341 0.75155
1 0.372788 0.0397092 0.0566744 0.0770712 0.72799
1 0.428199 0.581364 0.0213413 0.0395775 0.695296
3 0.858168 0.644499 0.0315983 0.0315076 0.648978
1 0.822201 0.767783 0.0390892 0.0533713 0.633009
1 0.332634 0.434612 0.0204054 0.0331728 0.626146
0 0.167073 0.387014 0.0147621 0.0279763 0.611518
0 0.158213 0.379797 0.0169601 0.0238008 0.610523
1 0.228579 0.432663 0.0166527 0.0243781 0.509709
1 0.58194 0.80747 0.0340635 0.077628 0.505436
1 0.403922 0.547663 0.0203092 0.0332198 0.439018
0 0.0498136 0.39257 0.0175582 0.0286874 0.379622
0 0.397999 0.142138 0.0239993 0.0405908 0.320592
0 0.0351721 0.43294 0.0196357 0.0211686 0.308684
1 0.978159 0.631632 0.0157341 0.0246685 0.293758
2 0.267596 0.48631 0.0104863 0.0162776 0.280066
0 0.0892452 0.301837 0.0143006 0.0242098 0.250647
1 0.553948 0.756074 0.0693939 0.136865 0.882089
1 0.834328 0.824659 0.0684086 0.0935103 0.859813
2 0.78538 0.0498181 0.0807542 0.0960742 0.849313
1 0.554721 0.376439 0.072624 0.0876916 0.849204
1 0.463389 0.36965 0.0571371 0.10986 0.844306
1 0.612908 0.632655 0.048777 0.0876261 0.835874
1 0.4427 0.3041 0.0590754 0.0819669 0.823553
1 0.78171 0.267188 0.0628902 0.0982823 0.822958
3 0.488682 0.228772 0.0464567 0.0585581 0.816026
2 0.864655 0.471542 0.0536653 0.101227 0.776083
1 0.811201 0.96687 0.0395809 0.0651323 0.769639
3 0.63715 0.580645 0.0303232 0.0412961 0.758633
3 0.473781 0.498484 0.0321424 0.0558548 0.756234
1 0.745205 0.922119 0.0424656 0.0964341 0.75155
1 0.372788 0.0397092 0.0566744 0.0770712 0.72799
1 0.428199 0.581364 0.0213413 0.0395775 0.695296
3 0.858168 0.644499 0.0315983 0.0315076 0.648978
1 0.822201 0.767783 0.0390892 0.0533713 0.633009
1 0.332634 0.434612 0.0204054 0.0331728 0.626146
0 0.167073 0.387014 0.0147621 0.0279763 0.611518
0 0.158213 0.379797 0.0169601 0.0238008 0.610523
1 0.228579 0.432663 0.0166527 0.0243781 0.509709
1 0.58194 0.80747 0.0340635 0.077628 0.505436
1 0.403922 0.547663 0.0203092 0.0332198 0.439018
0 0.0498136 0.39257 0.0175582 0.0286874 0.379622
0 0.397999 0.142138 0.0239993 0.0405908 0.320592
0 0.0351721 0.43294 0.0196357 0.0211686 0.308684
1 0.978159 0.631632 0.0157341 0.0246685 0.293758
2 0.267596 0.48631 0.0104863 0.0162776 0.280066
0 0.0892452 0.301837 0.0143006 0.0242098 0.250647
