0 0.424978 0.559879 0.0400543 0.0606328 0.77549
0 0.434612 0.487957 0.0444683 0.0470039 0.721385
1 0.54382 0.602645 0.0378891 0.0747536 0.545802
1 0.712885 0.243159 0.0356339 0.068996 0.47232
0 0.424947 0.559951 0.0399622 0.060738 0.773246
0 0.434416 0.488269 0.0439606 0.0472065 0.739484
1 0.543824 0.602588 0.0379127 0.0750629 0.555683
1 0.712861 0.243248 0.0356291 0.0691005 0.526518
0 0.426734 0.380033 0.0298873 0.0561332 0.340827
0 0.424947 0.559951 0.0399622 0.060738 0.773246
0 0.434416 0.488269 0.0439606 0.0472065 0.739484
1 0.543824 0.602588 0.0379127 0.0750629 0.555683
1 0.712861 0.243248 0.0356291 0.0691005 0.526518
0 0.426734 0.380033 0.0298873 0.0561332 0.340827
0 0.424947 0.559951 0.0399622 0.060738 0.773246
0 0.434416 0.488269 0.0439606 0.0472065 0.739484
1 0.543824 0.602588 0.0379127 0.0750629 0.555683
1 0.712861 0.243248 0.0356291 0.0691005 0.526518
0 0.426734 0.380033 0.0298873 0.0561332 0.340827
