1 0.609577 0.863782 0.0391367 0.0545666 0.898189
1 0.671493 0.858995 0.0367712 0.0580858 0.896361
1 0.421323 0.0278876 0.0339991 0.0557752 0.843974
1 0.493701 0.180682 0.0323505 0.054992 0.843482
1 0.578998 0.106571 0.0579374 0.0545784 0.841371
1 0.494013 0.0994865 0.035693 0.050224 0.839052
1 0.519546 0.256494 0.0325748 0.0533111 0.821524
1 0.579777 0.258714 0.0476118 0.0669875 0.817201
1 0.525035 0.167425 0.038867 0.0526988 0.81203
1 0.619049 0.302565 0.0369116 0.0427455 0.781661
0 0.575566 0.335306 0.0262487 0.0351158 0.778223
0 0.320502 0.17541 0.0299724 0.0486163 0.767768
1 0.707606 0.473422 0.0268427 0.0513766 0.757383
1 0.39602 0.118109 0.0414192 0.0358852 0.750338
0 0.657481 0.188722 0.0218851 0.0421366 0.74151
1 0.599115 0.726336 0.0218664 0.0539386 0.731657
1 0.638631 0.382894 0.0582231 0.0478676 0.713223
1 0.50123 0.0474033 0.028603 0.0397369 0.698623
0 0.579708 0.441029 0.02686 0.0323023 0.66801
1 0.569728 0.528329 0.0264568 0.0421836 0.633553
0 0.542253 0.240877 0.0269966 0.0367128 0.605875
0 0.62726 0.14157 0.0164963 0.0222358 0.598746
0 0.599916 0.0121464 0.0297602 0.0242928 0.593488
0 0.480609 0.0217415 0.016894 0.0228583 0.57071
0 0.636922 0.110374 0.0198773 0.0188068 0.554701
0 0.449631 0.0439929 0.0265959 0.0424448 0.548806
1 0.308581 0.117636 0.039646 0.0280275 0.518884
0 0.644609 0.164641 0.0127316 0.0170476 0.481816
0 0.308576 0.117386 0.0399918 0.0285155 0.478522
1 0.344269 0.117804 0.0330394 0.0240101 0.474751
1 0.650302 0.341344 0.025635 0.0391161 0.467364
0 0.638852 0.0989789 0.0195121 0.0166748 0.442568
0 0.289816 0.17739 0.0243427 0.053862 0.439602
0 0.986957 0.142328 0.0259159 0.0442696 0.425309
0 0.569843 0.368959 0.0154475 0.0276831 0.354253
0 0.651276 0.340436 0.0288936 0.0399359 0.343648
0 0.610632 0.355446 0.0165775 0.0220314 0.318388
1 0.609563 0.863782 0.039216 0.05468 0.897033
1 0.671477 0.859045 0.0367594 0.0582407 0.893645
1 0.494049 0.0994314 0.0356825 0.0501365 0.843961
1 0.42141 0.0278917 0.0341742 0.0557833 0.842907
1 0.579011 0.106562 0.0578984 0.0546745 0.83074
1 0.493624 0.180755 0.0319994 0.0558154 0.812096
1 0.579819 0.258699 0.0477819 0.0671732 0.802966
1 0.519572 0.256474 0.0328226 0.053647 0.801733
1 0.525035 0.167469 0.0389132 0.0527913 0.798701
0 0.57558 0.335331 0.02644 0.0353801 0.783502
1 0.619043 0.302651 0.0369499 0.0430548 0.770991
1 0.396015 0.117964 0.0413802 0.0364583 0.747749
1 0.707611 0.473403 0.0268341 0.051412 0.747735
0 0.32046 0.17556 0.030118 0.0488204 0.742113
0 0.657527 0.188685 0.0219434 0.0422123 0.739766
1 0.599058 0.726362 0.0221369 0.0542426 0.708266
0 0.579708 0.441022 0.0269241 0.0325125 0.702758
1 0.501198 0.0473456 0.0286465 0.0396262 0.682058
1 0.638643 0.382939 0.0585569 0.0481619 0.679842
0 0.542264 0.240913 0.0271107 0.037015 0.624405
0 0.627256 0.141543 0.0164738 0.0222567 0.586777
0 0.602105 0.0122489 0.0339922 0.0244978 0.568024
1 0.569731 0.528276 0.0265824 0.0425854 0.556113
1 0.308563 0.117682 0.0395751 0.0281626 0.556033
0 0.449642 0.0439228 0.0265913 0.0425584 0.542979
0 0.636977 0.11044 0.019869 0.0188726 0.540151
1 0.344282 0.117887 0.0330172 0.023893 0.499235
0 0.480793 0.0217864 0.0172083 0.0224834 0.499151
0 0.644776 0.164633 0.0124739 0.0169787 0.452018
0 0.638925 0.0989743 0.0194874 0.0166888 0.442829
0 0.30848 0.117416 0.0401171 0.0286532 0.43409
0 0.289685 0.177374 0.0247971 0.0541466 0.431171
0 0.650356 0.341274 0.0257833 0.0395031 0.401969
1 0.650685 0.341112 0.0259192 0.0390203 0.370533
0 0.986731 0.142546 0.0263739 0.0447206 0.336116
0 0.610618 0.355574 0.0167334 0.0224565 0.297089
0 0.569736 0.369142 0.0158777 0.0278911 0.288615
0 0.744419 0.414483 0.0188995 0.016249 0.251919
1 0.609563 0.863782 0.039216 0.05468 0.897033
1 0.671477 0.859045 0.0367594 0.0582407 0.893645
1 0.494049 0.0994314 0.0356825 0.0501365 0.843961
1 0.42141 0.0278917 0.0341742 0.0557833 0.842907
1 0.579011 0.106562 0.0578984 0.0546745 0.83074
1 0.493624 0.180755 0.0319994 0.0558154 0.812096
1 0.579819 0.258699 0.0477819 0.0671732 0.802966
1 0.519572 0.256474 0.0328226 0.053647 0.801733
1 0.525035 0.167469 0.0389132 0.0527913 0.798701
0 0.57558 0.335331 0.02644 0.0353801 0.783502
1 0.619043 0.302651 0.0369499 0.0430548 0.770991
1 0.396015 0.117964 0.0413802 0.0364583 0.747749
1 0.707611 0.473403 0.0268341 0.051412 0.747735
0 0.32046 0.17556 0.030118 0.0488204 0.742113
0 0.657527 0.188685 0.0219434 0.0422123 0.739766
1 0.599058 0.726362 0.0221369 0.0542426 0.708266
0 0.579708 0.441022 0.0269241 0.0325125 0.702758
1 0.501198 0.0473456 0.0286465 0.0396262 0.682058
1 0.638643 0.382939 0.0585569 0.0481619 0.679842
0 0.542264 0.240913 0.0271107 0.037015 0.624405
0 0.627256 0.141543 0.0164738 0.0222567 0.586777
0 0.602105 0.0122489 0.0339922 0.0244978 0.568024
1 0.569731 0.528276 0.0265824 0.0425854 0.556113
1 0.308563 0.117682 0.0395751 0.0281626 0.556033
0 0.449642 0.0439228 0.0265913 0.0425584 0.542979
0 0.636977 0.11044 0.019869 0.0188726 0.540151
1 0.344282 0.117887 0.0330172 0.023893 0.499235
0 0.480793 0.0217864 0.0172083 0.0224834 0.499151
0 0.644776 0.164633 0.0124739 0.0169787 0.452018
0 0.638925 0.0989743 0.0194874 0.0166888 0.442829
0 0.30848 0.117416 0.0401171 0.0286532 0.43409
0 0.289685 0.177374 0.0247971 0.0541466 0.431171
0 0.650356 0.341274 0.0257833 0.0395031 0.401969
1 0.650685 0.341112 0.0259192 0.0390203 0.370533
0 0.986731 0.142546 0.0263739 0.0447206 0.336116
0 0.610618 0.355574 0.0167334 0.0224565 0.297089
0 0.569736 0.369142 0.0158777 0.0278911 0.288615
0 0.744419 0.414483 0.0188995 0.016249 0.251919
1 0.609563 0.863782 0.039216 0.05468 0.897033
1 0.671477 0.859045 0.0367594 0.0582407 0.893645
1 0.494049 0.0994314 0.0356825 0.0501365 0.843961
1 0.42141 0.0278917 0.0341742 0.0557833 0.842907
1 0.579011 0.106562 0.0578984 0.0546745 0.83074
1 0.493624 0.180755 0.0319994 0.0558154 0.812096
1 0.579819 0.258699 0.0477819 0.0671732 0.802966
1 0.519572 0.256474 0.0328226 0.053647 0.801733
1 0.525035 0.167469 0.0389132 0.0527913 0.798701
0 0.57558 0.335331 0.02644 0.0353801 0.783502
1 0.619043 0.302651 0.0369499 0.0430548 0.770991
1 0.396015 0.117964 0.0413802 0.0364583 0.747749
1 0.707611 0.473403 0.0268341 0.051412 0.747735
0 0.32046 0.17556 0.030118 0.0488204 0.742113
0 0.657527 0.188685 0.0219434 0.0422123 0.739766
1 0.599058 0.726362 0.0221369 0.0542426 0.708266
0 0.579708 0.441022 0.0269241 0.0325125 0.702758
1 0.501198 0.0473456 0.0286465 0.0396262 0.682058
1 0.638643 0.382939 0.0585569 0.0481619 0.679842
0 0.542264 0.240913 0.0271107 0.037015 0.624405
0 0.627256 0.141543 0.0164738 0.0222567 0.586777
0 0.602105 0.0122489 0.0339922 0.0244978 0.568024
1 0.569731 0.528276 0.0265824 0.0425854 0.556113
1 0.308563 0.117682 0.0395751 0.0281626 0.556033
0 0.449642 0.0439228 0.0265913 0.0425584 0.542979
0 0.636977 0.11044 0.019869 0.0188726 0.540151
1 0.344282 0.117887 0.0330172 0.023893 0.499235
0 0.480793 0.0217864 0.0172083 0.0224834 0.499151
0 0.644776 0.164633 0.0124739 0.0169787 0.452018
0 0.638925 0.0989743 0.0194874 0.0166888 0.442829
0 0.30848 0.117416 0.0401171 0.0286532 0.43409
0 0.289685 0.177374 0.0247971 0.0541466 0.431171
0 0.650356 0.341274 0.0257833 0.0395031 0.401969
1 0.650685 0.341112 0.0259192 0.0390203 0.370533
0 0.986731 0.142546 0.0263739 0.0447206 0.336116
0 0.610618 0.355574 0.0167334 0.0224565 0.297089
0 0.569736 0.369142 0.0158777 0.0278911 0.288615
0 0.744419 0.414483 0.0188995 0.016249 0.251919
