1 0.464088 0.724835 0.0457766 0.0873263 0.776062
1 0.658066 0.424095 0.0513849 0.0896297 0.743957
1 0.523097 0.837352 0.0510314 0.102615 0.743112
0 0.651413 0.664134 0.0413205 0.0614714 0.73584
0 0.573585 0.503294 0.0345085 0.0523083 0.67799
0 0.793519 0.668576 0.0219198 0.0265475 0.429308
1 0.463838 0.724881 0.0459351 0.0868973 0.77785
1 0.523102 0.837168 0.0510299 0.102436 0.747681
1 0.657962 0.424308 0.0512497 0.0894842 0.737115
0 0.651448 0.663969 0.0416096 0.0622021 0.735515
0 0.573591 0.503248 0.0339073 0.0514498 0.685168
0 0.793465 0.668571 0.0217285 0.0264016 0.448359
1 0.463838 0.724881 0.0459351 0.0868973 0.77785
1 0.523102 0.837168 0.0510299 0.102436 0.747681
1 0.657962 0.424308 0.0512497 0.0894842 0.737115
0 0.651448 0.663969 0.0416096 0.0622021 0.735515
0 0.573591 0.503248 0.0339073 0.0514498 0.685168
0 0.793465 0.668571 0.0217285 0.0264016 0.448359
1 0.463838 0.724881 0.0459351 0.0868973 0.77785
1 0.523102 0.837168 0.0510299 0.102436 0.747681
1 0.657962 0.424308 0.0512497 0.0894842 0.737115
0 0.651448 0.663969 0.0416096 0.0622021 0.735515
0 0.573591 0.503248 0.0339073 0.0514498 0.685168
0 0.793465 0.668571 0.0217285 0.0264016 0.448359
