1 0.149963 0.75102 0.057611 0.122246 0.728026
1 0.0517279 0.867717 0.0614249 0.131755 0.709359
1 0.0516118 0.867771 0.0602505 0.131796 0.767721
1 0.150391 0.752065 0.0566703 0.121346 0.732163
1 0.0198008 0.851499 0.0316205 0.0838127 0.27479
1 0.0516118 0.867771 0.0602505 0.131796 0.767721
1 0.150391 0.752065 0.0566703 0.121346 0.732163
1 0.0198008 0.851499 0.0316205 0.0838127 0.27479
1 0.0516118 0.867771 0.0602505 0.131796 0.767721
1 0.150391 0.752065 0.0566703 0.121346 0.732163
1 0.0198008 0.851499 0.0316205 0.0838127 0.27479
