4 0.486547 0.504269 0.973095 0.979175 0.824832
2 0.248379 0.670945 0.0535071 0.131782 0.740182
2 0.256625 0.708601 0.0354176 0.0634183 0.33434
4 0.487806 0.500307 0.975612 0.992754 0.81105
2 0.248265 0.670357 0.0537695 0.130438 0.761849
2 0.256952 0.70923 0.0348681 0.0607613 0.457577
4 0.487806 0.500307 0.975612 0.992754 0.81105
2 0.248265 0.670357 0.0537695 0.130438 0.761849
2 0.256952 0.70923 0.0348681 0.0607613 0.457577
4 0.487806 0.500307 0.975612 0.992754 0.81105
2 0.248265 0.670357 0.0537695 0.130438 0.761849
2 0.256952 0.70923 0.0348681 0.0607613 0.457577
