3 0.578192 0.708567 0.0269052 0.0556885 0.711399
0 0.0407921 0.422261 0.0204431 0.0294283 0.52598
0 0.0314085 0.387194 0.021978 0.0253647 0.478245
0 0.0505261 0.504233 0.0201057 0.0365903 0.465978
0 0.573744 0.642194 0.0214401 0.0394655 0.393311
3 0.578265 0.708546 0.0274639 0.0559283 0.719258
0 0.0407785 0.42227 0.0203663 0.0294869 0.561579
0 0.0314212 0.387189 0.0219648 0.0254374 0.507909
0 0.050562 0.504228 0.0200749 0.0365887 0.488342
0 0.573729 0.642303 0.021373 0.0396014 0.4041
3 0.578265 0.708546 0.0274639 0.0559283 0.719258
0 0.0407785 0.42227 0.0203663 0.0294869 0.561579
0 0.0314212 0.387189 0.0219648 0.0254374 0.507909
0 0.050562 0.504228 0.0200749 0.0365887 0.488342
0 0.573729 0.642303 0.021373 0.0396014 0.4041
3 0.578265 0.708546 0.0274639 0.0559283 0.719258
0 0.0407785 0.42227 0.0203663 0.0294869 0.561579
0 0.0314212 0.387189 0.0219648 0.0254374 0.507909
0 0.050562 0.504228 0.0200749 0.0365887 0.488342
0 0.573729 0.642303 0.021373 0.0396014 0.4041
