0 0.232412 0.600676 0.0851383 0.0859666 0.869533
1 0.605317 0.556008 0.117598 0.151161 0.86549
0 0.562252 0.386384 0.0693411 0.0843833 0.827054
0 0.304669 0.648435 0.0460139 0.11609 0.821626
0 0.62479 0.329903 0.0767233 0.113066 0.81107
0 0.495166 0.667427 0.0498116 0.0462705 0.797221
0 0.660074 0.517101 0.0683319 0.0765053 0.77877
0 0.534985 0.468394 0.0921259 0.0689941 0.756589
0 0.634725 0.672506 0.102344 0.122109 0.727232
0 0.668202 0.0842171 0.0494752 0.0693581 0.708228
0 0.255209 0.49556 0.0503366 0.0490371 0.703303
1 0.717608 0.085333 0.070097 0.099339 0.539086
0 0.716975 0.0850406 0.0687987 0.0994203 0.490706
3 0.534255 0.920834 0.0897093 0.137667 0.418286
1 0.533873 0.92143 0.0908401 0.142265 0.370672
0 0.232367 0.600828 0.085251 0.0865492 0.869876
1 0.605516 0.555461 0.116948 0.151548 0.869769
0 0.562321 0.386335 0.0690027 0.0836529 0.814892
0 0.304649 0.648216 0.0459338 0.115879 0.812066
0 0.495131 0.667569 0.0495843 0.0459755 0.795662
0 0.660267 0.516976 0.0681795 0.0765897 0.781598
0 0.624853 0.329649 0.0765631 0.113274 0.779617
0 0.535127 0.468351 0.0917339 0.0684061 0.749494
0 0.634835 0.672527 0.102353 0.122239 0.726982
0 0.668005 0.0843423 0.0505482 0.0701201 0.719674
0 0.255369 0.49536 0.0506804 0.0496495 0.69606
1 0.717696 0.0852521 0.0728131 0.100407 0.639341
0 0.717241 0.0851253 0.0710654 0.100097 0.51454
3 0.534287 0.923205 0.0895205 0.140479 0.451534
1 0.534102 0.921906 0.0908101 0.141962 0.366636
0 0.232367 0.600828 0.085251 0.0865492 0.869876
1 0.605516 0.555461 0.116948 0.151548 0.869769
0 0.562321 0.386335 0.0690027 0.0836529 0.814892
0 0.304649 0.648216 0.0459338 0.115879 0.812066
0 0.495131 0.667569 0.0495843 0.0459755 0.795662
0 0.660267 0.516976 0.0681795 0.0765897 0.781598
0 0.624853 0.329649 0.0765631 0.113274 0.779617
0 0.535127 0.468351 0.0917339 0.0684061 0.749494
0 0.634835 0.672527 0.102353 0.122239 0.726982
0 0.668005 0.0843423 0.0505482 0.0701201 0.719674
0 0.255369 0.49536 0.0506804 0.0496495 0.69606
1 0.717696 0.0852521 0.0728131 0.100407 0.639341
0 0.717241 0.0851253 0.0710654 0.100097 0.51454
3 0.534287 0.923205 0.0895205 0.140479 0.451534
1 0.534102 0.921906 0.0908101 0.141962 0.366636
0 0.232367 0.600828 0.085251 0.0865492 0.869876
1 0.605516 0.555461 0.116948 0.151548 0.869769
0 0.562321 0.386335 0.0690027 0.0836529 0.814892
0 0.304649 0.648216 0.0459338 0.115879 0.812066
0 0.495131 0.667569 0.0495843 0.0459755 0.795662
0 0.660267 0.516976 0.0681795 0.0765897 0.781598
0 0.624853 0.329649 0.0765631 0.113274 0.779617
0 0.535127 0.468351 0.0917339 0.0684061 0.749494
0 0.634835 0.672527 0.102353 0.122239 0.726982
0 0.668005 0.0843423 0.0505482 0.0701201 0.719674
0 0.255369 0.49536 0.0506804 0.0496495 0.69606
1 0.717696 0.0852521 0.0728131 0.100407 0.639341
0 0.717241 0.0851253 0.0710654 0.100097 0.51454
3 0.534287 0.923205 0.0895205 0.140479 0.451534
1 0.534102 0.921906 0.0908101 0.141962 0.366636
