1 0.462345 0.463345 0.0427616 0.0570358 0.86568
1 0.514693 0.513302 0.0553619 0.054733 0.857386
1 0.527689 0.65733 0.0318169 0.0660248 0.853222
1 0.583481 0.513944 0.0384509 0.0619197 0.832447
3 0.505522 0.428813 0.0380933 0.0476827 0.784113
1 0.575472 0.715271 0.0430758 0.0349715 0.772905
1 0.601571 0.473568 0.0242096 0.05045 0.746646
2 0.497796 0.739572 0.0426391 0.0582029 0.744568
0 0.551362 0.632327 0.0293567 0.0304565 0.583716
0 0.48986 0.55839 0.0314007 0.0383165 0.580856
1 0.462306 0.463228 0.0427834 0.0572367 0.862103
1 0.514757 0.51334 0.0554928 0.0546056 0.853275
1 0.527696 0.657278 0.0318101 0.06624 0.850145
1 0.58349 0.514006 0.0385408 0.0618617 0.815451
3 0.505485 0.42885 0.0380497 0.0475154 0.791005
1 0.57552 0.715267 0.0432601 0.0351001 0.76657
2 0.497751 0.739631 0.0425317 0.0581897 0.741812
1 0.601575 0.473604 0.0241529 0.0503521 0.739806
0 0.55147 0.632312 0.0294786 0.0303835 0.590783
0 0.489918 0.558602 0.0313948 0.0379822 0.553046
4 0.500604 0.223815 0.966213 0.440506 0.263441
1 0.462306 0.463228 0.0427834 0.0572367 0.862103
1 0.514757 0.51334 0.0554928 0.0546056 0.853275
1 0.527696 0.657278 0.0318101 0.06624 0.850145
1 0.58349 0.514006 0.0385408 0.0618617 0.815451
3 0.505485 0.42885 0.0380497 0.0475154 0.791005
1 0.57552 0.715267 0.0432601 0.0351001 0.76657
2 0.497751 0.739631 0.0425317 0.0581897 0.741812
1 0.601575 0.473604 0.0241529 0.0503521 0.739806
0 0.55147 0.632312 0.0294786 0.0303835 0.590783
0 0.489918 0.558602 0.0313948 0.0379822 0.553046
4 0.500604 0.223815 0.966213 0.440506 0.263441
1 0.462306 0.463228 0.0427834 0.0572367 0.862103
1 0.514757 0.51334 0.0554928 0.0546056 0.853275
1 0.527696 0.657278 0.0318101 0.06624 0.850145
1 0.58349 0.514006 0.0385408 0.0618617 0.815451
3 0.505485 0.42885 0.0380497 0.0475154 0.791005
1 0.57552 0.715267 0.0432601 0.0351001 0.76657
2 0.497751 0.739631 0.0425317 0.0581897 0.741812
1 0.601575 0.473604 0.0241529 0.0503521 0.739806
0 0.55147 0.632312 0.0294786 0.0303835 0.590783
0 0.489918 0.558602 0.0313948 0.0379822 0.553046
4 0.500604 0.223815 0.966213 0.440506 0.263441
