3 0.174427 0.957326 0.051247 0.0463817 0.873171
1 0.38751 0.179704 0.0595779 0.134227 0.868951
1 0.509981 0.810833 0.0712395 0.0764956 0.866025
1 0.367224 0.796798 0.0627295 0.0780464 0.862253
1 0.362114 0.306021 0.0739764 0.078462 0.859786
1 0.269319 0.0437292 0.0430945 0.0829512 0.854855
1 0.303822 0.222049 0.0581185 0.100459 0.848981
1 0.0981446 0.942602 0.0501302 0.0374392 0.847017
1 0.467603 0.163979 0.0475734 0.0593154 0.824219
3 0.0202987 0.966942 0.0391404 0.0661159 0.804116
0 0.47564 0.348589 0.0328995 0.0398303 0.802394
2 0.0342013 0.88286 0.0684026 0.0469924 0.793787
0 0.413806 0.786211 0.0367376 0.0624267 0.793115
0 0.350681 0.448811 0.0458586 0.056467 0.777824
0 0.452027 0.293535 0.035494 0.0636767 0.77051
0 0.471367 0.45764 0.0357841 0.0396038 0.752731
1 0.374734 0.356634 0.0476667 0.0748519 0.751972
1 0.148575 0.15447 0.0549199 0.0696229 0.726305
0 0.496549 0.726618 0.0481506 0.0371846 0.719077
1 0.371225 0.736593 0.0540328 0.0796391 0.707544
3 0.0593386 0.957819 0.0366707 0.0509587 0.705211
2 0.0328248 0.923264 0.0471524 0.0465659 0.687801
0 0.5229 0.900832 0.0572451 0.0484782 0.680789
1 0.485452 0.251527 0.0443673 0.0524148 0.669147
0 0.395951 0.929668 0.0454805 0.0368528 0.656238
0 0.362653 0.642398 0.0306355 0.0219771 0.577649
0 0.422868 0.686729 0.0405635 0.069532 0.575436
0 0.133278 0.125322 0.0270556 0.0501951 0.569778
2 0.270126 0.987193 0.0298868 0.0256142 0.546007
3 0.0580915 0.986684 0.0408809 0.0266327 0.541901
3 0.106967 0.977397 0.0554001 0.0452054 0.521179
1 0.423014 0.686182 0.0401913 0.0691726 0.444266
3 0.141146 0.939779 0.0394011 0.043073 0.437658
1 0.161018 0.982377 0.0631199 0.0352459 0.386218
2 0.141266 0.93968 0.0406549 0.0440552 0.369309
2 0.00562636 0.932293 0.0110839 0.0436267 0.355099
1 0.133266 0.126574 0.028258 0.0503606 0.306304
0 0.477958 0.656718 0.0303919 0.0202853 0.303295
1 0.186695 0.266451 0.0133176 0.0293755 0.300218
3 0.174384 0.957125 0.0513555 0.045574 0.892313
1 0.387473 0.179761 0.0592512 0.134392 0.874173
1 0.510003 0.810877 0.071344 0.0769859 0.865459
1 0.36208 0.305984 0.074038 0.0783353 0.858791
1 0.367044 0.796843 0.0631203 0.0778212 0.857577
1 0.0981768 0.942611 0.0501187 0.0374127 0.852107
3 0.0206818 0.967102 0.0388721 0.0657957 0.848844
1 0.30385 0.221994 0.0582643 0.100595 0.847368
1 0.269366 0.0431938 0.043104 0.0844275 0.825747
1 0.46738 0.163464 0.0493004 0.0606242 0.82392
0 0.475679 0.34859 0.0327311 0.0396704 0.806821
2 0.0341653 0.882821 0.0683306 0.0470715 0.797325
0 0.413827 0.786175 0.036864 0.0627857 0.784379
0 0.350565 0.448594 0.0461836 0.0562745 0.779544
0 0.452022 0.293541 0.0354475 0.0636395 0.774335
1 0.37475 0.356707 0.0476001 0.0750455 0.751682
3 0.0593396 0.957865 0.0367014 0.0508573 0.750466
0 0.471378 0.45758 0.0360116 0.0396649 0.747821
1 0.14841 0.154264 0.0546684 0.0697959 0.728018
0 0.496426 0.726525 0.048263 0.0377085 0.721483
0 0.395802 0.929715 0.0463654 0.0370915 0.71974
0 0.523072 0.901325 0.0564795 0.0485352 0.689573
2 0.0328516 0.923122 0.0468714 0.0462567 0.67919
1 0.371116 0.736472 0.0543821 0.0796459 0.668657
0 0.133271 0.125287 0.0268608 0.0503831 0.648396
1 0.485437 0.2513 0.0441849 0.0518791 0.645306
0 0.422836 0.68685 0.040745 0.06949 0.600548
0 0.362748 0.642494 0.031376 0.0220343 0.553937
3 0.0584824 0.986669 0.0419718 0.0266623 0.515335
3 0.141195 0.939766 0.0395893 0.0432044 0.453514
1 0.16101 0.982437 0.0629581 0.035126 0.416095
1 0.422992 0.686319 0.0402962 0.0690352 0.415268
3 0.106807 0.977344 0.0549629 0.0452538 0.410217
2 0.270041 0.987143 0.0301421 0.0257136 0.396888
2 0.00556263 0.932487 0.0109617 0.0426777 0.332226
2 0.141269 0.939818 0.0407529 0.0442951 0.322299
0 0.477931 0.656811 0.0304882 0.0211893 0.314885
1 0.133167 0.126333 0.028048 0.0509134 0.295904
1 0.186704 0.266471 0.0131747 0.0292153 0.29535
3 0.174384 0.957125 0.0513555 0.045574 0.892313
1 0.387473 0.179761 0.0592512 0.134392 0.874173
1 0.510003 0.810877 0.071344 0.0769859 0.865459
1 0.36208 0.305984 0.074038 0.0783353 0.858791
1 0.367044 0.796843 0.0631203 0.0778212 0.857577
1 0.0981768 0.942611 0.0501187 0.0374127 0.852107
3 0.0206818 0.967102 0.0388721 0.0657957 0.848844
1 0.30385 0.221994 0.0582643 0.100595 0.847368
1 0.269366 0.0431938 0.043104 0.0844275 0.825747
1 0.46738 0.163464 0.0493004 0.0606242 0.82392
0 0.475679 0.34859 0.0327311 0.0396704 0.806821
2 0.0341653 0.882821 0.0683306 0.0470715 0.797325
0 0.413827 0.786175 0.036864 0.0627857 0.784379
0 0.350565 0.448594 0.0461836 0.0562745 0.779544
0 0.452022 0.293541 0.0354475 0.0636395 0.774335
1 0.37475 0.356707 0.0476001 0.0750455 0.751682
3 0.0593396 0.957865 0.0367014 0.0508573 0.750466
0 0.471378 0.45758 0.0360116 0.0396649 0.747821
1 0.14841 0.154264 0.0546684 0.0697959 0.728018
0 0.496426 0.726525 0.048263 0.0377085 0.721483
0 0.395802 0.929715 0.0463654 0.0370915 0.71974
0 0.523072 0.901325 0.0564795 0.0485352 0.689573
2 0.0328516 0.923122 0.0468714 0.0462567 0.67919
1 0.371116 0.736472 0.0543821 0.0796459 0.668657
0 0.133271 0.125287 0.0268608 0.0503831 0.648396
1 0.485437 0.2513 0.0441849 0.0518791 0.645306
0 0.422836 0.68685 0.040745 0.06949 0.600548
0 0.362748 0.642494 0.031376 0.0220343 0.553937
3 0.0584824 0.986669 0.0419718 0.0266623 0.515335
3 0.141195 0.939766 0.0395893 0.0432044 0.453514
1 0.16101 0.982437 0.0629581 0.035126 0.416095
1 0.422992 0.686319 0.0402962 0.0690352 0.415268
3 0.106807 0.977344 0.0549629 0.0452538 0.410217
2 0.270041 0.987143 0.0301421 0.0257136 0.396888
2 0.00556263 0.932487 0.0109617 0.0426777 0.332226
2 0.141269 0.939818 0.0407529 0.0442951 0.322299
0 0.477931 0.656811 0.0304882 0.0211893 0.314885
1 0.133167 0.126333 0.028048 0.0509134 0.295904
1 0.186704 0.266471 0.0131747 0.0292153 0.29535
3 0.174384 0.957125 0.0513555 0.045574 0.892313
1 0.387473 0.179761 0.0592512 0.134392 0.874173
1 0.510003 0.810877 0.071344 0.0769859 0.865459
1 0.36208 0.305984 0.074038 0.0783353 0.858791
1 0.367044 0.796843 0.0631203 0.0778212 0.857577
1 0.0981768 0.942611 0.0501187 0.0374127 0.852107
3 0.0206818 0.967102 0.0388721 0.0657957 0.848844
1 0.30385 0.221994 0.0582643 0.100595 0.847368
1 0.269366 0.0431938 0.043104 0.0844275 0.825747
1 0.46738 0.163464 0.0493004 0.0606242 0.82392
0 0.475679 0.34859 0.0327311 0.0396704 0.806821
2 0.0341653 0.882821 0.0683306 0.0470715 0.797325
0 0.413827 0.786175 0.036864 0.0627857 0.784379
0 0.350565 0.448594 0.0461836 0.0562745 0.779544
0 0.452022 0.293541 0.0354475 0.0636395 0.774335
1 0.37475 0.356707 0.0476001 0.0750455 0.751682
3 0.0593396 0.957865 0.0367014 0.0508573 0.750466
0 0.471378 0.45758 0.0360116 0.0396649 0.747821
1 0.14841 0.154264 0.0546684 0.0697959 0.728018
0 0.496426 0.726525 0.048263 0.0377085 0.721483
0 0.395802 0.929715 0.0463654 0.0370915 0.71974
0 0.523072 0.901325 0.0564795 0.0485352 0.689573
2 0.0328516 0.923122 0.0468714 0.0462567 0.67919
1 0.371116 0.736472 0.0543821 0.0796459 0.668657
0 0.133271 0.125287 0.0268608 0.0503831 0.648396
1 0.485437 0.2513 0.0441849 0.0518791 0.645306
0 0.422836 0.68685 0.040745 0.06949 0.600548
0 0.362748 0.642494 0.031376 0.0220343 0.553937
3 0.0584824 0.986669 0.0419718 0.0266623 0.515335
3 0.141195 0.939766 0.0395893 0.0432044 0.453514
1 0.16101 0.982437 0.0629581 0.035126 0.416095
1 0.422992 0.686319 0.0402962 0.0690352 0.415268
3 0.106807 0.977344 0.0549629 0.0452538 0.410217
2 0.270041 0.987143 0.0301421 0.0257136 0.396888
2 0.00556263 0.932487 0.0109617 0.0426777 0.332226
2 0.141269 0.939818 0.0407529 0.0442951 0.322299
0 0.477931 0.656811 0.0304882 0.0211893 0.314885
1 0.133167 0.126333 0.028048 0.0509134 0.295904
1 0.186704 0.266471 0.0131747 0.0292153 0.29535
