2 0.305247 0.673472 0.0727327 0.10821 0.800093
1 0.289682 0.765694 0.0733979 0.120523 0.770698
2 0.453185 0.0999461 0.0780657 0.127709 0.728356
2 0.409562 0.177351 0.0420971 0.0610876 0.701533
2 0.269517 0.284857 0.0266086 0.0487192 0.685397
2 0.25119 0.315565 0.0435886 0.0608128 0.666178
3 0.563625 0.192645 0.0405701 0.0761502 0.63762
3 0.0367828 0.336571 0.0393051 0.0722682 0.596307
1 0.166527 0.729146 0.0601714 0.0555453 0.573362
2 0.0360107 0.740839 0.0497523 0.0768355 0.474547
2 0.0645414 0.0723069 0.0556054 0.0849569 0.461324
2 0.37381 0.274934 0.0360305 0.0815279 0.36773
2 0.304999 0.67358 0.0726747 0.107946 0.802726
1 0.289538 0.765613 0.0729687 0.119837 0.775977
2 0.453874 0.100086 0.0770796 0.126761 0.738476
2 0.409566 0.177471 0.0426926 0.0610936 0.696375
2 0.251365 0.315042 0.0442791 0.0619425 0.673029
2 0.269537 0.284789 0.0273116 0.049338 0.67054
3 0.563651 0.192514 0.0401968 0.0756436 0.642112
3 0.0366557 0.336654 0.0383674 0.0715857 0.58733
1 0.166489 0.729294 0.0598291 0.0543335 0.535319
2 0.0639822 0.0740379 0.054895 0.0812437 0.486096
2 0.0358289 0.740824 0.0493613 0.0782565 0.480259
2 0.373744 0.274662 0.0362008 0.0811552 0.404126
2 0.304999 0.67358 0.0726747 0.107946 0.802726
1 0.289538 0.765613 0.0729687 0.119837 0.775977
2 0.453874 0.100086 0.0770796 0.126761 0.738476
2 0.409566 0.177471 0.0426926 0.0610936 0.696375
2 0.251365 0.315042 0.0442791 0.0619425 0.673029
2 0.269537 0.284789 0.0273116 0.049338 0.67054
3 0.563651 0.192514 0.0401968 0.0756436 0.642112
3 0.0366557 0.336654 0.0383674 0.0715857 0.58733
1 0.166489 0.729294 0.0598291 0.0543335 0.535319
2 0.0639822 0.0740379 0.054895 0.0812437 0.486096
2 0.0358289 0.740824 0.0493613 0.0782565 0.480259
2 0.373744 0.274662 0.0362008 0.0811552 0.404126
2 0.304999 0.67358 0.0726747 0.107946 0.802726
1 0.289538 0.765613 0.0729687 0.119837 0.775977
2 0.453874 0.100086 0.0770796 0.126761 0.738476
2 0.409566 0.177471 0.0426926 0.0610936 0.696375
2 0.251365 0.315042 0.0442791 0.0619425 0.673029
2 0.269537 0.284789 0.0273116 0.049338 0.67054
3 0.563651 0.192514 0.0401968 0.0756436 0.642112
3 0.0366557 0.336654 0.0383674 0.0715857 0.58733
1 0.166489 0.729294 0.0598291 0.0543335 0.535319
2 0.0639822 0.0740379 0.054895 0.0812437 0.486096
2 0.0358289 0.740824 0.0493613 0.0782565 0.480259
2 0.373744 0.274662 0.0362008 0.0811552 0.404126
