2 0.695582 0.24832 0.0418024 0.0647793 0.850379
2 0.363888 0.266329 0.0428678 0.069084 0.838199
2 0.426386 0.620489 0.0482067 0.0661771 0.830899
2 0.637538 0.433196 0.0505716 0.0469148 0.822457
2 0.599078 0.563096 0.0286407 0.0437188 0.810005
3 0.551488 0.146132 0.0494365 0.06676 0.768553
2 0.650404 0.126504 0.0392205 0.0481274 0.6457
2 0.814773 0.496534 0.0366096 0.0515918 0.628875
2 0.610844 0.973471 0.0346364 0.0530577 0.558723
1 0.592711 0.263597 0.0339827 0.0388482 0.530759
2 0.53359 0.330849 0.0379702 0.0573747 0.516011
3 0.164711 0.545342 0.0506026 0.065187 0.431375
3 0.262804 0.410938 0.0552912 0.0710755 0.388333
2 0.695612 0.248299 0.0417606 0.0647864 0.851174
2 0.363907 0.266257 0.0430601 0.0696801 0.83581
2 0.637566 0.433144 0.0505932 0.046778 0.816404
2 0.426355 0.620297 0.0482058 0.0665957 0.813913
2 0.599067 0.563012 0.0286314 0.0436697 0.796325
3 0.551519 0.146246 0.0496489 0.0671483 0.763977
2 0.650257 0.126051 0.0388054 0.0492111 0.651422
2 0.814693 0.496435 0.0364261 0.0511324 0.621375
2 0.533659 0.331263 0.0375078 0.0563515 0.520364
1 0.592718 0.26338 0.0336727 0.0385206 0.504116
2 0.610715 0.972674 0.037168 0.0546518 0.48059
3 0.164848 0.545651 0.0502427 0.0652261 0.447851
3 0.262799 0.411201 0.0551849 0.0705534 0.367085
2 0.695612 0.248299 0.0417606 0.0647864 0.851174
2 0.363907 0.266257 0.0430601 0.0696801 0.83581
2 0.637566 0.433144 0.0505932 0.046778 0.816404
2 0.426355 0.620297 0.0482058 0.0665957 0.813913
2 0.599067 0.563012 0.0286314 0.0436697 0.796325
3 0.551519 0.146246 0.0496489 0.0671483 0.763977
2 0.650257 0.126051 0.0388054 0.0492111 0.651422
2 0.814693 0.496435 0.0364261 0.0511324 0.621375
2 0.533659 0.331263 0.0375078 0.0563515 0.520364
1 0.592718 0.26338 0.0336727 0.0385206 0.504116
2 0.610715 0.972674 0.037168 0.0546518 0.48059
3 0.164848 0.545651 0.0502427 0.0652261 0.447851
3 0.262799 0.411201 0.0551849 0.0705534 0.367085
2 0.695612 0.248299 0.0417606 0.0647864 0.851174
2 0.363907 0.266257 0.0430601 0.0696801 0.83581
2 0.637566 0.433144 0.0505932 0.046778 0.816404
2 0.426355 0.620297 0.0482058 0.0665957 0.813913
2 0.599067 0.563012 0.0286314 0.0436697 0.796325
3 0.551519 0.146246 0.0496489 0.0671483 0.763977
2 0.650257 0.126051 0.0388054 0.0492111 0.651422
2 0.814693 0.496435 0.0364261 0.0511324 0.621375
2 0.533659 0.331263 0.0375078 0.0563515 0.520364
1 0.592718 0.26338 0.0336727 0.0385206 0.504116
2 0.610715 0.972674 0.037168 0.0546518 0.48059
3 0.164848 0.545651 0.0502427 0.0652261 0.447851
3 0.262799 0.411201 0.0551849 0.0705534 0.367085
