1 0.651808 0.485687 0.0540396 0.114483 0.883978
1 0.829677 0.699207 0.0582933 0.0745983 0.873189
1 0.764842 0.056482 0.0519279 0.104407 0.866108
0 0.825324 0.224798 0.0373051 0.055966 0.829911
0 0.586311 0.112256 0.0244006 0.0282815 0.829306
0 0.690531 0.403412 0.0277583 0.0563731 0.820293
0 0.592698 0.134669 0.0254678 0.0450022 0.818446
0 0.761785 0.761928 0.0234731 0.0631371 0.812749
0 0.546299 0.0223642 0.0416196 0.0447284 0.806226
0 0.409463 0.310862 0.0236285 0.0721471 0.788548
0 0.858286 0.213282 0.0248016 0.0643682 0.776675
0 0.631406 0.394022 0.0359023 0.086924 0.773033
0 0.838174 0.551629 0.059478 0.0624943 0.744801
0 0.716765 0.698935 0.0221027 0.024938 0.739281
0 0.830459 0.64056 0.050568 0.0507643 0.726533
0 0.847972 0.294307 0.0207194 0.0383209 0.716281
0 0.733968 0.73689 0.0415156 0.0328532 0.712015
0 0.746729 0.478776 0.0430671 0.0655865 0.711635
0 0.80727 0.63771 0.0160137 0.029674 0.66448
0 0.810077 0.72554 0.0191055 0.0427853 0.630793
1 0.851212 0.528874 0.0690086 0.064532 0.58695
0 0.713525 0.799673 0.0350367 0.0785206 0.501105
1 0.713494 0.799347 0.0352238 0.0791942 0.478157
0 0.850042 0.529018 0.0734234 0.0695706 0.440984
1 0.65175 0.485589 0.0540374 0.114798 0.875739
1 0.829734 0.699189 0.0585191 0.0747113 0.867429
1 0.764799 0.0566811 0.0522409 0.104316 0.862916
0 0.586277 0.112248 0.0246379 0.0284338 0.824992
0 0.825282 0.224686 0.0377712 0.0563757 0.823124
0 0.690403 0.403459 0.0280942 0.0571899 0.822808
0 0.761502 0.76136 0.0237691 0.0639094 0.819841
0 0.592631 0.134744 0.0257401 0.0451698 0.810612
0 0.546493 0.0225334 0.0418684 0.0450668 0.796823
0 0.409534 0.310544 0.0239906 0.0731355 0.787682
0 0.631381 0.393975 0.0359152 0.0870719 0.774044
0 0.858295 0.213164 0.0250111 0.0648599 0.773155
0 0.746687 0.478816 0.0431141 0.0659095 0.772634
0 0.838136 0.551543 0.0597646 0.062766 0.755523
0 0.716744 0.698913 0.022065 0.0248883 0.747295
0 0.830536 0.640558 0.0507162 0.0508275 0.74614
0 0.733928 0.736851 0.0415971 0.0329735 0.709612
0 0.847918 0.294325 0.0209679 0.0386565 0.708903
0 0.807293 0.637711 0.0161639 0.0298208 0.654674
0 0.810066 0.725471 0.0191792 0.0428846 0.638528
0 0.713539 0.79961 0.0351514 0.0788959 0.592399
1 0.851251 0.528692 0.069162 0.0648954 0.550518
0 0.850072 0.528986 0.07356 0.0697679 0.486858
1 0.713067 0.79921 0.0341481 0.0782438 0.357918
1 0.65175 0.485589 0.0540374 0.114798 0.875739
1 0.829734 0.699189 0.0585191 0.0747113 0.867429
1 0.764799 0.0566811 0.0522409 0.104316 0.862916
0 0.586277 0.112248 0.0246379 0.0284338 0.824992
0 0.825282 0.224686 0.0377712 0.0563757 0.823124
0 0.690403 0.403459 0.0280942 0.0571899 0.822808
0 0.761502 0.76136 0.0237691 0.0639094 0.819841
0 0.592631 0.134744 0.0257401 0.0451698 0.810612
0 0.546493 0.0225334 0.0418684 0.0450668 0.796823
0 0.409534 0.310544 0.0239906 0.0731355 0.787682
0 0.631381 0.393975 0.0359152 0.0870719 0.774044
0 0.858295 0.213164 0.0250111 0.0648599 0.773155
0 0.746687 0.478816 0.0431141 0.0659095 0.772634
0 0.838136 0.551543 0.0597646 0.062766 0.755523
0 0.716744 0.698913 0.022065 0.0248883 0.747295
0 0.830536 0.640558 0.0507162 0.0508275 0.74614
0 0.733928 0.736851 0.0415971 0.0329735 0.709612
0 0.847918 0.294325 0.0209679 0.0386565 0.708903
0 0.807293 0.637711 0.0161639 0.0298208 0.654674
0 0.810066 0.725471 0.0191792 0.0428846 0.638528
0 0.713539 0.79961 0.0351514 0.0788959 0.592399
1 0.851251 0.528692 0.069162 0.0648954 0.550518
0 0.850072 0.528986 0.07356 0.0697679 0.486858
1 0.713067 0.79921 0.0341481 0.0782438 0.357918
1 0.65175 0.485589 0.0540374 0.114798 0.875739
1 0.829734 0.699189 0.0585191 0.0747113 0.867429
1 0.764799 0.0566811 0.0522409 0.104316 0.862916
0 0.586277 0.112248 0.0246379 0.0284338 0.824992
0 0.825282 0.224686 0.0377712 0.0563757 0.823124
0 0.690403 0.403459 0.0280942 0.0571899 0.822808
0 0.761502 0.76136 0.0237691 0.0639094 0.819841
0 0.592631 0.134744 0.0257401 0.0451698 0.810612
0 0.546493 0.0225334 0.0418684 0.0450668 0.796823
0 0.409534 0.310544 0.0239906 0.0731355 0.787682
0 0.631381 0.393975 0.0359152 0.0870719 0.774044
0 0.858295 0.213164 0.0250111 0.0648599 0.773155
0 0.746687 0.478816 0.0431141 0.0659095 0.772634
0 0.838136 0.551543 0.0597646 0.062766 0.755523
0 0.716744 0.698913 0.022065 0.0248883 0.747295
0 0.830536 0.640558 0.0507162 0.0508275 0.74614
0 0.733928 0.736851 0.0415971 0.0329735 0.709612
0 0.847918 0.294325 0.0209679 0.0386565 0.708903
0 0.807293 0.637711 0.0161639 0.0298208 0.654674
0 0.810066 0.725471 0.0191792 0.0428846 0.638528
0 0.713539 0.79961 0.0351514 0.0788959 0.592399
1 0.851251 0.528692 0.069162 0.0648954 0.550518
0 0.850072 0.528986 0.07356 0.0697679 0.486858
1 0.713067 0.79921 0.0341481 0.0782438 0.357918
