3 0.48698 0.0875266 0.03504 0.0773704 0.846525
1 0.610604 0.300746 0.0453307 0.0799687 0.822668
2 0.669067 0.3925 0.0469982 0.0821168 0.795885
1 0.461213 0.0812395 0.0317389 0.0696312 0.786323
1 0.183072 0.187023 0.0439299 0.0858232 0.763607
1 0.208569 0.125723 0.0445836 0.086224 0.658555
1 0.258799 0.0325472 0.0695076 0.0648207 0.631784
1 0.211736 0.0510849 0.0448686 0.0916127 0.37926
3 0.487058 0.0875902 0.035188 0.0771852 0.848093
1 0.610617 0.300897 0.0453868 0.0806573 0.813389
2 0.669196 0.392356 0.0478722 0.0830539 0.796818
1 0.461257 0.081331 0.0316059 0.0691245 0.793473
1 0.183011 0.187152 0.0441662 0.0875748 0.751613
1 0.258315 0.0328758 0.0695125 0.0657515 0.656466
1 0.208866 0.125526 0.0456101 0.0877758 0.643655
1 0.211791 0.0511664 0.0446251 0.0918976 0.45203
3 0.487058 0.0875902 0.035188 0.0771852 0.848093
1 0.610617 0.300897 0.0453868 0.0806573 0.813389
2 0.669196 0.392356 0.0478722 0.0830539 0.796818
1 0.461257 0.081331 0.0316059 0.0691245 0.793473
1 0.183011 0.187152 0.0441662 0.0875748 0.751613
1 0.258315 0.0328758 0.0695125 0.0657515 0.656466
1 0.208866 0.125526 0.0456101 0.0877758 0.643655
1 0.211791 0.0511664 0.0446251 0.0918976 0.45203
3 0.487058 0.0875902 0.035188 0.0771852 0.848093
1 0.610617 0.300897 0.0453868 0.0806573 0.813389
2 0.669196 0.392356 0.0478722 0.0830539 0.796818
1 0.461257 0.081331 0.0316059 0.0691245 0.793473
1 0.183011 0.187152 0.0441662 0.0875748 0.751613
1 0.258315 0.0328758 0.0695125 0.0657515 0.656466
1 0.208866 0.125526 0.0456101 0.0877758 0.643655
1 0.211791 0.0511664 0.0446251 0.0918976 0.45203
