1 0.574665 0.711056 0.0289551 0.0580325 0.501123
0 0.619466 0.725229 0.0264772 0.0470053 0.497342
1 0.574735 0.71103 0.0291592 0.0582538 0.536535
0 0.619548 0.725192 0.0267715 0.0474061 0.464602
1 0.620173 0.725537 0.0271055 0.047604 0.28554
1 0.574735 0.71103 0.0291592 0.0582538 0.536535
0 0.619548 0.725192 0.0267715 0.0474061 0.464602
1 0.620173 0.725537 0.0271055 0.047604 0.28554
1 0.574735 0.71103 0.0291592 0.0582538 0.536535
0 0.619548 0.725192 0.0267715 0.0474061 0.464602
1 0.620173 0.725537 0.0271055 0.047604 0.28554
