4 0.76331 0.178188 0.230294 0.145269 0.791292
4 0.790694 0.801817 0.413239 0.386549 0.734613
4 0.144896 0.162531 0.278358 0.181606 0.703037
4 0.949357 0.113574 0.101287 0.18392 0.645096
4 0.832847 0.0543752 0.135331 0.107648 0.639726
4 0.229356 0.459735 0.166997 0.271297 0.602035
4 0.430144 0.0734137 0.326146 0.14054 0.578039
4 0.0736627 0.477959 0.146383 0.254868 0.489448
4 0.123271 0.701298 0.246542 0.19403 0.487628
4 0.405946 0.632304 0.208005 0.253036 0.400172
4 0.0421762 0.8176 0.0842468 0.341662 0.381948
4 0.763959 0.177989 0.230225 0.145639 0.79265
4 0.789029 0.803943 0.418631 0.381692 0.759529
4 0.145545 0.162041 0.276832 0.183175 0.716563
4 0.833457 0.0550857 0.136426 0.107312 0.653745
4 0.949318 0.114067 0.101363 0.184201 0.631771
4 0.429403 0.0724622 0.324083 0.139435 0.624797
4 0.230713 0.462933 0.165905 0.266141 0.594339
4 0.123227 0.70117 0.246454 0.19257 0.525293
4 0.0723928 0.477618 0.144171 0.250014 0.46396
4 0.0423155 0.817374 0.0844742 0.338061 0.408889
4 0.406072 0.632975 0.208205 0.254983 0.38858
4 0.625249 0.44916 0.305706 0.258742 0.315282
4 0.763959 0.177989 0.230225 0.145639 0.79265
4 0.789029 0.803943 0.418631 0.381692 0.759529
4 0.145545 0.162041 0.276832 0.183175 0.716563
4 0.833457 0.0550857 0.136426 0.107312 0.653745
4 0.949318 0.114067 0.101363 0.184201 0.631771
4 0.429403 0.0724622 0.324083 0.139435 0.624797
4 0.230713 0.462933 0.165905 0.266141 0.594339
4 0.123227 0.70117 0.246454 0.19257 0.525293
4 0.0723928 0.477618 0.144171 0.250014 0.46396
4 0.0423155 0.817374 0.0844742 0.338061 0.408889
4 0.406072 0.632975 0.208205 0.254983 0.38858
4 0.625249 0.44916 0.305706 0.258742 0.315282
4 0.763959 0.177989 0.230225 0.145639 0.79265
4 0.789029 0.803943 0.418631 0.381692 0.759529
4 0.145545 0.162041 0.276832 0.183175 0.716563
4 0.833457 0.0550857 0.136426 0.107312 0.653745
4 0.949318 0.114067 0.101363 0.184201 0.631771
4 0.429403 0.0724622 0.324083 0.139435 0.624797
4 0.230713 0.462933 0.165905 0.266141 0.594339
4 0.123227 0.70117 0.246454 0.19257 0.525293
4 0.0723928 0.477618 0.144171 0.250014 0.46396
4 0.0423155 0.817374 0.0844742 0.338061 0.408889
4 0.406072 0.632975 0.208205 0.254983 0.38858
4 0.625249 0.44916 0.305706 0.258742 0.315282
