3 0.828985 0.505254 0.0554298 0.0641106 0.86938
2 0.410016 0.210034 0.0390521 0.0716991 0.82899
2 0.641688 0.248444 0.0465321 0.0948329 0.734481
1 0.47772 0.181839 0.0216574 0.0394884 0.459956
3 0.828775 0.505328 0.0547929 0.0636133 0.87276
2 0.409957 0.209824 0.0379225 0.0706523 0.839593
2 0.641903 0.248502 0.0453611 0.093311 0.735333
1 0.477727 0.181808 0.0213188 0.0391874 0.522266
3 0.828775 0.505328 0.0547929 0.0636133 0.87276
2 0.409957 0.209824 0.0379225 0.0706523 0.839593
2 0.641903 0.248502 0.0453611 0.093311 0.735333
1 0.477727 0.181808 0.0213188 0.0391874 0.522266
3 0.828775 0.505328 0.0547929 0.0636133 0.87276
2 0.409957 0.209824 0.0379225 0.0706523 0.839593
2 0.641903 0.248502 0.0453611 0.093311 0.735333
1 0.477727 0.181808 0.0213188 0.0391874 0.522266
