1 0.434728 0.591186 0.0908037 0.166889 0.729213
0 0.700743 0.330477 0.0760432 0.154958 0.702282
0 0.154179 0.294597 0.0297368 0.041033 0.449606
0 0.167168 0.270463 0.0292652 0.0374602 0.404958
1 0.434278 0.591161 0.0896212 0.166576 0.726738
0 0.700763 0.330652 0.0757066 0.155453 0.714077
0 0.154111 0.294613 0.0302876 0.0411481 0.497633
0 0.167223 0.270454 0.029489 0.037119 0.358196
1 0.434278 0.591161 0.0896212 0.166576 0.726738
0 0.700763 0.330652 0.0757066 0.155453 0.714077
0 0.154111 0.294613 0.0302876 0.0411481 0.497633
0 0.167223 0.270454 0.029489 0.037119 0.358196
1 0.434278 0.591161 0.0896212 0.166576 0.726738
0 0.700763 0.330652 0.0757066 0.155453 0.714077
0 0.154111 0.294613 0.0302876 0.0411481 0.497633
0 0.167223 0.270454 0.029489 0.037119 0.358196
