1 0.407634 0.942145 0.109219 0.115709 0.804169
1 0.0454463 0.17787 0.0908925 0.141762 0.793923
0 0.679065 0.634788 0.0308309 0.0514355 0.659004
1 0.049751 0.0554002 0.0990221 0.108809 0.648054
0 0.593897 0.274807 0.0322647 0.072412 0.638868
0 0.404569 0.818934 0.0498605 0.0527397 0.624344
0 0.457601 0.701317 0.0372639 0.0648339 0.49734
1 0.406817 0.941266 0.112586 0.117468 0.797735
1 0.0452597 0.178233 0.0905194 0.138792 0.795087
0 0.679444 0.634864 0.031382 0.0517618 0.659474
0 0.404657 0.81902 0.0502127 0.0534967 0.642355
0 0.593835 0.275024 0.0325146 0.0726775 0.638398
1 0.0481688 0.0555499 0.0953601 0.109986 0.610297
0 0.457649 0.701163 0.0371431 0.0651343 0.499682
1 0.406817 0.941266 0.112586 0.117468 0.797735
1 0.0452597 0.178233 0.0905194 0.138792 0.795087
0 0.679444 0.634864 0.031382 0.0517618 0.659474
0 0.404657 0.81902 0.0502127 0.0534967 0.642355
0 0.593835 0.275024 0.0325146 0.0726775 0.638398
1 0.0481688 0.0555499 0.0953601 0.109986 0.610297
0 0.457649 0.701163 0.0371431 0.0651343 0.499682
1 0.406817 0.941266 0.112586 0.117468 0.797735
1 0.0452597 0.178233 0.0905194 0.138792 0.795087
0 0.679444 0.634864 0.031382 0.0517618 0.659474
0 0.404657 0.81902 0.0502127 0.0534967 0.642355
0 0.593835 0.275024 0.0325146 0.0726775 0.638398
1 0.0481688 0.0555499 0.0953601 0.109986 0.610297
0 0.457649 0.701163 0.0371431 0.0651343 0.499682
