4 0.632896 0.713533 0.264009 0.229141 0.857945
4 0.234458 0.761294 0.420176 0.269843 0.752445
4 0.885807 0.708748 0.201828 0.195405 0.745284
4 0.0678354 0.627384 0.134187 0.103268 0.482586
4 0.633054 0.712454 0.264333 0.231706 0.86981
4 0.886136 0.709958 0.202019 0.194779 0.738249
4 0.237118 0.75218 0.427149 0.28053 0.695863
4 0.0679018 0.628315 0.134355 0.106778 0.380266
4 0.633054 0.712454 0.264333 0.231706 0.86981
4 0.886136 0.709958 0.202019 0.194779 0.738249
4 0.237118 0.75218 0.427149 0.28053 0.695863
4 0.0679018 0.628315 0.134355 0.106778 0.380266
4 0.633054 0.712454 0.264333 0.231706 0.86981
4 0.886136 0.709958 0.202019 0.194779 0.738249
4 0.237118 0.75218 0.427149 0.28053 0.695863
4 0.0679018 0.628315 0.134355 0.106778 0.380266
