1 0.245652 0.504738 0.0507502 0.110193 0.773715
2 0.646473 0.390587 0.0374658 0.0761733 0.768197
1 0.177738 0.689831 0.0447747 0.0998561 0.753401
2 0.0176534 0.383689 0.0352639 0.0765734 0.748996
2 0.374523 0.425473 0.0428346 0.0887886 0.746426
2 0.695132 0.461559 0.0333297 0.0831607 0.736902
1 0.103461 0.649724 0.0355692 0.072645 0.71812
2 0.733664 0.444844 0.0320374 0.0733151 0.708763
3 0.357787 0.642363 0.0292514 0.0572751 0.702265
2 0.617582 0.426457 0.0242809 0.0504879 0.701584
2 0.718399 0.477981 0.0258787 0.0581642 0.671797
3 0.402785 0.814863 0.0288468 0.047601 0.667851
2 0.431752 0.511654 0.0304023 0.0556777 0.636689
2 0.209784 0.843315 0.0236228 0.0358961 0.632705
3 0.400177 0.767587 0.0254221 0.0389162 0.629608
0 0.325396 0.595138 0.0260362 0.0568424 0.568688
3 0.487454 0.52135 0.0198101 0.0343509 0.504592
2 0.79876 0.372001 0.0222313 0.0386581 0.369697
3 0.593282 0.406592 0.0168657 0.0335565 0.36736
0 0.512311 0.362711 0.0289225 0.0567088 0.358623
3 0.479379 0.543608 0.0163158 0.0318632 0.346077
1 0.512175 0.363097 0.0286278 0.0574881 0.333748
1 0.245737 0.504953 0.0507063 0.110333 0.775785
2 0.646626 0.390472 0.0373698 0.0757572 0.775215
2 0.017627 0.383778 0.0352136 0.0764301 0.754789
1 0.177908 0.689721 0.0445352 0.100275 0.750299
2 0.374487 0.425656 0.0427384 0.0880709 0.745948
2 0.695201 0.4616 0.0334634 0.083013 0.743432
1 0.103423 0.649698 0.0354764 0.0724478 0.719151
2 0.733657 0.44469 0.0320557 0.0726072 0.711802
2 0.617641 0.426585 0.0240586 0.0501629 0.701727
3 0.357777 0.642435 0.0292441 0.057412 0.701264
2 0.71845 0.478021 0.0254945 0.0571375 0.671404
3 0.402759 0.814931 0.0292902 0.0478997 0.66886
2 0.431764 0.511726 0.0301868 0.0553701 0.636583
2 0.209831 0.843519 0.0239869 0.0360716 0.636423
3 0.400173 0.767629 0.0255444 0.0389532 0.620947
0 0.325372 0.595126 0.026424 0.0570002 0.56146
3 0.48743 0.521496 0.0200482 0.0345865 0.487579
3 0.593204 0.406678 0.0166012 0.0331503 0.379148
0 0.51242 0.363001 0.028727 0.0561601 0.358729
2 0.798806 0.37196 0.0220374 0.0385389 0.344505
1 0.512203 0.362946 0.0285703 0.0571109 0.340974
3 0.479425 0.5436 0.0165623 0.0318461 0.332708
2 0.715717 0.378261 0.0178503 0.0385789 0.261216
1 0.245737 0.504953 0.0507063 0.110333 0.775785
2 0.646626 0.390472 0.0373698 0.0757572 0.775215
2 0.017627 0.383778 0.0352136 0.0764301 0.754789
1 0.177908 0.689721 0.0445352 0.100275 0.750299
2 0.374487 0.425656 0.0427384 0.0880709 0.745948
2 0.695201 0.4616 0.0334634 0.083013 0.743432
1 0.103423 0.649698 0.0354764 0.0724478 0.719151
2 0.733657 0.44469 0.0320557 0.0726072 0.711802
2 0.617641 0.426585 0.0240586 0.0501629 0.701727
3 0.357777 0.642435 0.0292441 0.057412 0.701264
2 0.71845 0.478021 0.0254945 0.0571375 0.671404
3 0.402759 0.814931 0.0292902 0.0478997 0.66886
2 0.431764 0.511726 0.0301868 0.0553701 0.636583
2 0.209831 0.843519 0.0239869 0.0360716 0.636423
3 0.400173 0.767629 0.0255444 0.0389532 0.620947
0 0.325372 0.595126 0.026424 0.0570002 0.56146
3 0.48743 0.521496 0.0200482 0.0345865 0.487579
3 0.593204 0.406678 0.0166012 0.0331503 0.379148
0 0.51242 0.363001 0.028727 0.0561601 0.358729
2 0.798806 0.37196 0.0220374 0.0385389 0.344505
1 0.512203 0.362946 0.0285703 0.0571109 0.340974
3 0.479425 0.5436 0.0165623 0.0318461 0.332708
2 0.715717 0.378261 0.0178503 0.0385789 0.261216
1 0.245737 0.504953 0.0507063 0.110333 0.775785
2 0.646626 0.390472 0.0373698 0.0757572 0.775215
2 0.017627 0.383778 0.0352136 0.0764301 0.754789
1 0.177908 0.689721 0.0445352 0.100275 0.750299
2 0.374487 0.425656 0.0427384 0.0880709 0.745948
2 0.695201 0.4616 0.0334634 0.083013 0.743432
1 0.103423 0.649698 0.0354764 0.0724478 0.719151
2 0.733657 0.44469 0.0320557 0.0726072 0.711802
2 0.617641 0.426585 0.0240586 0.0501629 0.701727
3 0.357777 0.642435 0.0292441 0.057412 0.701264
2 0.71845 0.478021 0.0254945 0.0571375 0.671404
3 0.402759 0.814931 0.0292902 0.0478997 0.66886
2 0.431764 0.511726 0.0301868 0.0553701 0.636583
2 0.209831 0.843519 0.0239869 0.0360716 0.636423
3 0.400173 0.767629 0.0255444 0.0389532 0.620947
0 0.325372 0.595126 0.026424 0.0570002 0.56146
3 0.48743 0.521496 0.0200482 0.0345865 0.487579
3 0.593204 0.406678 0.0166012 0.0331503 0.379148
0 0.51242 0.363001 0.028727 0.0561601 0.358729
2 0.798806 0.37196 0.0220374 0.0385389 0.344505
1 0.512203 0.362946 0.0285703 0.0571109 0.340974
3 0.479425 0.5436 0.0165623 0.0318461 0.332708
2 0.715717 0.378261 0.0178503 0.0385789 0.261216
