2 0.521863 0.717661 0.0302586 0.0739713 0.835348
2 0.548252 0.719243 0.0269108 0.0533199 0.819408
0 0.72898 0.355503 0.0457428 0.0337011 0.777344
0 0.762875 0.456665 0.0333462 0.0583352 0.769929
2 0.502333 0.814145 0.0233038 0.0533614 0.755403
2 0.53082 0.773097 0.0200782 0.034529 0.720553
1 0.840249 0.675074 0.0471703 0.0976696 0.437109
2 0.484296 0.703321 0.0239553 0.0764385 0.370335
2 0.533044 0.79797 0.0228718 0.0323402 0.363481
4 0.240705 0.423241 0.479678 0.838517 0.347932
2 0.521827 0.717473 0.030418 0.074419 0.828289
2 0.548219 0.719224 0.0268934 0.0534433 0.805558
0 0.728886 0.355646 0.0458983 0.0338637 0.782282
0 0.76287 0.456633 0.0336951 0.0587057 0.759704
2 0.50235 0.814181 0.0232066 0.0533954 0.759072
2 0.530795 0.773201 0.0200605 0.0345758 0.724973
2 0.533001 0.797904 0.0228369 0.0320345 0.370433
2 0.484395 0.703539 0.0241766 0.0766785 0.366476
4 0.243865 0.408599 0.486182 0.804434 0.280767
2 0.521827 0.717473 0.030418 0.074419 0.828289
2 0.548219 0.719224 0.0268934 0.0534433 0.805558
0 0.728886 0.355646 0.0458983 0.0338637 0.782282
0 0.76287 0.456633 0.0336951 0.0587057 0.759704
2 0.50235 0.814181 0.0232066 0.0533954 0.759072
2 0.530795 0.773201 0.0200605 0.0345758 0.724973
2 0.533001 0.797904 0.0228369 0.0320345 0.370433
2 0.484395 0.703539 0.0241766 0.0766785 0.366476
4 0.243865 0.408599 0.486182 0.804434 0.280767
2 0.521827 0.717473 0.030418 0.074419 0.828289
2 0.548219 0.719224 0.0268934 0.0534433 0.805558
0 0.728886 0.355646 0.0458983 0.0338637 0.782282
0 0.76287 0.456633 0.0336951 0.0587057 0.759704
2 0.50235 0.814181 0.0232066 0.0533954 0.759072
2 0.530795 0.773201 0.0200605 0.0345758 0.724973
2 0.533001 0.797904 0.0228369 0.0320345 0.370433
2 0.484395 0.703539 0.0241766 0.0766785 0.366476
4 0.243865 0.408599 0.486182 0.804434 0.280767
