1 0.501703 0.610504 0.033753 0.0551848 0.890609
1 0.655328 0.514272 0.0344389 0.0388238 0.870088
1 0.599643 0.789634 0.0218498 0.0474702 0.85918
1 0.56799 0.705698 0.0287714 0.06222 0.840884
0 0.560412 0.682427 0.0356991 0.0366354 0.808498
1 0.628836 0.618422 0.0151956 0.0491957 0.673393
0 0.555422 0.386508 0.0194231 0.0248226 0.339672
1 0.501748 0.610482 0.0337399 0.0551874 0.888085
1 0.655288 0.514278 0.0343575 0.0387992 0.87329
1 0.59963 0.789668 0.021875 0.0473955 0.855321
1 0.567976 0.705677 0.028723 0.0620559 0.841355
0 0.560434 0.682413 0.0356333 0.0366256 0.806448
1 0.62882 0.618442 0.0152861 0.0492033 0.687199
0 0.555413 0.386488 0.0193888 0.0246943 0.339994
1 0.501748 0.610482 0.0337399 0.0551874 0.888085
1 0.655288 0.514278 0.0343575 0.0387992 0.87329
1 0.59963 0.789668 0.021875 0.0473955 0.855321
1 0.567976 0.705677 0.028723 0.0620559 0.841355
0 0.560434 0.682413 0.0356333 0.0366256 0.806448
1 0.62882 0.618442 0.0152861 0.0492033 0.687199
0 0.555413 0.386488 0.0193888 0.0246943 0.339994
1 0.501748 0.610482 0.0337399 0.0551874 0.888085
1 0.655288 0.514278 0.0343575 0.0387992 0.87329
1 0.59963 0.789668 0.021875 0.0473955 0.855321
1 0.567976 0.705677 0.028723 0.0620559 0.841355
0 0.560434 0.682413 0.0356333 0.0366256 0.806448
1 0.62882 0.618442 0.0152861 0.0492033 0.687199
0 0.555413 0.386488 0.0193888 0.0246943 0.339994
