1 0.926224 0.129973 0.0587093 0.108411 0.850785
1 0.957415 0.553024 0.0535393 0.117004 0.832222
0 0.976825 0.234868 0.0459484 0.107341 0.817775
1 0.340966 0.557141 0.0380154 0.0639641 0.803079
0 0.359175 0.51944 0.0405791 0.0463334 0.803046
0 0.321262 0.623429 0.0377908 0.0587832 0.781334
0 0.497022 0.441741 0.019978 0.0289377 0.672969
0 0.601963 0.044903 0.0391976 0.0583727 0.570218
0 0.47587 0.483276 0.0154832 0.0242009 0.438639
0 0.444767 0.481697 0.0132914 0.0252403 0.404425
0 0.255732 0.379372 0.0181184 0.0302076 0.395761
1 0.926273 0.130013 0.0585091 0.108914 0.85214
1 0.957654 0.552945 0.0549023 0.117932 0.825039
0 0.976765 0.234965 0.0460388 0.107596 0.817972
0 0.359211 0.519533 0.0406049 0.0464867 0.80453
1 0.340928 0.557203 0.0380429 0.0638694 0.796883
0 0.321163 0.623435 0.0379483 0.058936 0.794584
0 0.497005 0.441739 0.0199371 0.0290279 0.663746
0 0.601721 0.0447035 0.0402361 0.0590684 0.590092
0 0.475796 0.483309 0.0156923 0.0242358 0.399534
0 0.255699 0.379433 0.0179857 0.0300943 0.386125
0 0.444792 0.48165 0.0134367 0.0253055 0.354917
1 0.926273 0.130013 0.0585091 0.108914 0.85214
1 0.957654 0.552945 0.0549023 0.117932 0.825039
0 0.976765 0.234965 0.0460388 0.107596 0.817972
0 0.359211 0.519533 0.0406049 0.0464867 0.80453
1 0.340928 0.557203 0.0380429 0.0638694 0.796883
0 0.321163 0.623435 0.0379483 0.058936 0.794584
0 0.497005 0.441739 0.0199371 0.0290279 0.663746
0 0.601721 0.0447035 0.0402361 0.0590684 0.590092
0 0.475796 0.483309 0.0156923 0.0242358 0.399534
0 0.255699 0.379433 0.0179857 0.0300943 0.386125
0 0.444792 0.48165 0.0134367 0.0253055 0.354917
1 0.926273 0.130013 0.0585091 0.108914 0.85214
1 0.957654 0.552945 0.0549023 0.117932 0.825039
0 0.976765 0.234965 0.0460388 0.107596 0.817972
0 0.359211 0.519533 0.0406049 0.0464867 0.80453
1 0.340928 0.557203 0.0380429 0.0638694 0.796883
0 0.321163 0.623435 0.0379483 0.058936 0.794584
0 0.497005 0.441739 0.0199371 0.0290279 0.663746
0 0.601721 0.0447035 0.0402361 0.0590684 0.590092
0 0.475796 0.483309 0.0156923 0.0242358 0.399534
0 0.255699 0.379433 0.0179857 0.0300943 0.386125
0 0.444792 0.48165 0.0134367 0.0253055 0.354917
