2 0.618698 0.344705 0.0219595 0.0452505 0.802786
3 0.981414 0.392112 0.0244835 0.0552203 0.73429
2 0.840622 0.338204 0.0385189 0.0564547 0.727744
2 0.636625 0.352047 0.0219445 0.0510822 0.684451
2 0.665863 0.682273 0.028149 0.0463501 0.679024
3 0.963245 0.386181 0.0183529 0.0417985 0.671374
3 0.928511 0.254999 0.033558 0.0544531 0.668891
2 0.88207 0.490153 0.0182171 0.0352041 0.636718
1 0.0569761 0.378617 0.0223502 0.0366336 0.395199
2 0.0720169 0.434043 0.0123712 0.0218306 0.383335
3 0.906405 0.294091 0.0179628 0.0402316 0.363681
2 0.618681 0.344735 0.022014 0.0451322 0.804819
3 0.981441 0.392044 0.0244122 0.0551557 0.731602
2 0.840661 0.338081 0.0385281 0.0564642 0.730143
2 0.636637 0.352018 0.0219418 0.0509363 0.691407
2 0.665878 0.682272 0.0280135 0.0461717 0.685696
3 0.92841 0.255106 0.0328148 0.0538154 0.684241
3 0.963225 0.386278 0.0184155 0.0417847 0.675511
2 0.882086 0.490032 0.0183187 0.0355974 0.637435
2 0.0720082 0.434107 0.0122303 0.0216194 0.417694
1 0.0569231 0.378666 0.0218543 0.0361279 0.41172
3 0.906343 0.294098 0.0182564 0.0407578 0.362636
2 0.081702 0.427643 0.0141003 0.02031 0.315259
2 0.618681 0.344735 0.022014 0.0451322 0.804819
3 0.981441 0.392044 0.0244122 0.0551557 0.731602
2 0.840661 0.338081 0.0385281 0.0564642 0.730143
2 0.636637 0.352018 0.0219418 0.0509363 0.691407
2 0.665878 0.682272 0.0280135 0.0461717 0.685696
3 0.92841 0.255106 0.0328148 0.0538154 0.684241
3 0.963225 0.386278 0.0184155 0.0417847 0.675511
2 0.882086 0.490032 0.0183187 0.0355974 0.637435
2 0.0720082 0.434107 0.0122303 0.0216194 0.417694
1 0.0569231 0.378666 0.0218543 0.0361279 0.41172
3 0.906343 0.294098 0.0182564 0.0407578 0.362636
2 0.081702 0.427643 0.0141003 0.02031 0.315259
2 0.618681 0.344735 0.022014 0.0451322 0.804819
3 0.981441 0.392044 0.0244122 0.0551557 0.731602
2 0.840661 0.338081 0.0385281 0.0564642 0.730143
2 0.636637 0.352018 0.0219418 0.0509363 0.691407
2 0.665878 0.682272 0.0280135 0.0461717 0.685696
3 0.92841 0.255106 0.0328148 0.0538154 0.684241
3 0.963225 0.386278 0.0184155 0.0417847 0.675511
2 0.882086 0.490032 0.0183187 0.0355974 0.637435
2 0.0720082 0.434107 0.0122303 0.0216194 0.417694
1 0.0569231 0.378666 0.0218543 0.0361279 0.41172
3 0.906343 0.294098 0.0182564 0.0407578 0.362636
2 0.081702 0.427643 0.0141003 0.02031 0.315259
