3 0.45549 0.592513 0.0424757 0.080926 0.800356
3 0.529294 0.487352 0.0571262 0.0945784 0.79511
1 0.736858 0.523891 0.0497397 0.100313 0.688474
3 0.59503 0.502641 0.0306225 0.0547089 0.67571
2 0.871938 0.473552 0.0439011 0.0683449 0.500798
2 0.14387 0.619128 0.0118645 0.0201092 0.393274
3 0.455483 0.5924 0.0432908 0.0808887 0.793773
3 0.529408 0.487164 0.0572622 0.0944089 0.789772
3 0.594994 0.502542 0.030437 0.0545889 0.688012
1 0.736813 0.523892 0.0495415 0.099804 0.680581
2 0.871951 0.473417 0.044524 0.0689427 0.476433
2 0.143887 0.619142 0.0119064 0.0201426 0.375442
3 0.455483 0.5924 0.0432908 0.0808887 0.793773
3 0.529408 0.487164 0.0572622 0.0944089 0.789772
3 0.594994 0.502542 0.030437 0.0545889 0.688012
1 0.736813 0.523892 0.0495415 0.099804 0.680581
2 0.871951 0.473417 0.044524 0.0689427 0.476433
2 0.143887 0.619142 0.0119064 0.0201426 0.375442
3 0.455483 0.5924 0.0432908 0.0808887 0.793773
3 0.529408 0.487164 0.0572622 0.0944089 0.789772
3 0.594994 0.502542 0.030437 0.0545889 0.688012
1 0.736813 0.523892 0.0495415 0.099804 0.680581
2 0.871951 0.473417 0.044524 0.0689427 0.476433
2 0.143887 0.619142 0.0119064 0.0201426 0.375442
