4 0.905416 0.584348 0.188301 0.333624 0.485148
0 0.194181 0.808352 0.0343382 0.0659148 0.481554
1 0.194197 0.809981 0.0329854 0.0632564 0.459363
2 0.478902 0.499398 0.020977 0.0324731 0.428858
4 0.845192 0.463752 0.309617 0.260172 0.366849
1 0.194185 0.809873 0.0331839 0.0637796 0.515897
0 0.194117 0.80835 0.0346446 0.0665113 0.443913
4 0.904325 0.58468 0.190559 0.340629 0.404752
4 0.846146 0.540553 0.307707 0.405249 0.402006
2 0.478756 0.49899 0.0204738 0.0320337 0.379724
1 0.194185 0.809873 0.0331839 0.0637796 0.515897
0 0.194117 0.80835 0.0346446 0.0665113 0.443913
4 0.904325 0.58468 0.190559 0.340629 0.404752
4 0.846146 0.540553 0.307707 0.405249 0.402006
2 0.478756 0.49899 0.0204738 0.0320337 0.379724
1 0.194185 0.809873 0.0331839 0.0637796 0.515897
0 0.194117 0.80835 0.0346446 0.0665113 0.443913
4 0.904325 0.58468 0.190559 0.340629 0.404752
4 0.846146 0.540553 0.307707 0.405249 0.402006
2 0.478756 0.49899 0.0204738 0.0320337 0.379724
