1 0.205843 0.74553 0.0583796 0.0906806 0.852934
1 0.0449371 0.787882 0.0716426 0.0844307 0.826683
1 0.964964 0.818453 0.0257881 0.0744882 0.82471
4 0.295191 0.501839 0.589204 0.996322 0.610859
1 0.205842 0.745524 0.0584518 0.0905627 0.846824
1 0.0449852 0.788082 0.0718718 0.0847407 0.828834
1 0.964858 0.818223 0.0255878 0.0742131 0.804856
4 0.295403 0.493801 0.589262 0.986644 0.651839
1 0.205842 0.745524 0.0584518 0.0905627 0.846824
1 0.0449852 0.788082 0.0718718 0.0847407 0.828834
1 0.964858 0.818223 0.0255878 0.0742131 0.804856
4 0.295403 0.493801 0.589262 0.986644 0.651839
1 0.205842 0.745524 0.0584518 0.0905627 0.846824
1 0.0449852 0.788082 0.0718718 0.0847407 0.828834
1 0.964858 0.818223 0.0255878 0.0742131 0.804856
4 0.295403 0.493801 0.589262 0.986644 0.651839
