0 0.323998 0.450133 0.0556284 0.0874602 0.703035
0 0.451631 0.845366 0.0215397 0.037051 0.597032
0 0.492428 0.836398 0.0255011 0.0341955 0.573263
1 0.599722 0.405316 0.0488144 0.106971 0.521605
0 0.60017 0.405891 0.0493127 0.1073 0.514857
0 0.441931 0.89907 0.0322663 0.0252221 0.34729
0 0.323973 0.450127 0.0556958 0.0876838 0.703896
0 0.451571 0.845389 0.0215484 0.036934 0.58847
0 0.492517 0.836453 0.0255391 0.0341581 0.550612
1 0.599454 0.405011 0.0478615 0.10661 0.544814
0 0.599838 0.405721 0.0483025 0.106741 0.466611
0 0.441946 0.899209 0.0326593 0.0256801 0.327003
0 0.323973 0.450127 0.0556958 0.0876838 0.703896
0 0.451571 0.845389 0.0215484 0.036934 0.58847
0 0.492517 0.836453 0.0255391 0.0341581 0.550612
1 0.599454 0.405011 0.0478615 0.10661 0.544814
0 0.599838 0.405721 0.0483025 0.106741 0.466611
0 0.441946 0.899209 0.0326593 0.0256801 0.327003
0 0.323973 0.450127 0.0556958 0.0876838 0.703896
0 0.451571 0.845389 0.0215484 0.036934 0.58847
0 0.492517 0.836453 0.0255391 0.0341581 0.550612
1 0.599454 0.405011 0.0478615 0.10661 0.544814
0 0.599838 0.405721 0.0483025 0.106741 0.466611
0 0.441946 0.899209 0.0326593 0.0256801 0.327003
