2 0.487113 0.596778 0.0617861 0.0534245 0.882655
2 0.564968 0.401564 0.0439767 0.0704664 0.86984
2 0.815645 0.696215 0.0289227 0.0457844 0.860178
2 0.447313 0.487974 0.0325445 0.0557317 0.827803
2 0.435747 0.543699 0.0423714 0.0613208 0.794368
2 0.31115 0.437872 0.0422665 0.0688432 0.764398
2 0.22097 0.751242 0.0403824 0.0744661 0.761598
2 0.570684 0.0400123 0.0531378 0.0643306 0.711559
3 0.158938 0.675267 0.0476804 0.0699547 0.703278
2 0.627967 0.257805 0.0474693 0.0761823 0.696238
3 0.229201 0.55632 0.0431873 0.0622104 0.694271
2 0.198464 0.507771 0.0318743 0.0540034 0.686944
2 0.470902 0.308563 0.0415543 0.0576887 0.625212
3 0.470881 0.308401 0.0411641 0.0570906 0.523099
2 0.200817 0.58154 0.0337474 0.0452691 0.429559
2 0.487238 0.596808 0.0620171 0.0536187 0.882427
2 0.564955 0.401552 0.0440926 0.0706502 0.869101
2 0.815637 0.696199 0.0288995 0.0457684 0.863586
2 0.4473 0.487978 0.0326153 0.0557691 0.825598
2 0.435822 0.54364 0.0425625 0.0615096 0.795117
2 0.311188 0.43741 0.0425229 0.0700323 0.765912
2 0.220741 0.751191 0.0400693 0.074366 0.765798
2 0.570717 0.0388343 0.055541 0.0658028 0.713193
3 0.158852 0.67606 0.0468664 0.0680287 0.699617
3 0.229112 0.555884 0.0429916 0.0616439 0.696996
2 0.198452 0.507618 0.0314751 0.0532255 0.683289
2 0.627741 0.257628 0.0465828 0.074276 0.680741
2 0.470922 0.308615 0.0415223 0.0576497 0.594588
3 0.470913 0.30846 0.0411571 0.0570401 0.556896
2 0.201026 0.581371 0.0331102 0.0441296 0.404112
2 0.487238 0.596808 0.0620171 0.0536187 0.882427
2 0.564955 0.401552 0.0440926 0.0706502 0.869101
2 0.815637 0.696199 0.0288995 0.0457684 0.863586
2 0.4473 0.487978 0.0326153 0.0557691 0.825598
2 0.435822 0.54364 0.0425625 0.0615096 0.795117
2 0.311188 0.43741 0.0425229 0.0700323 0.765912
2 0.220741 0.751191 0.0400693 0.074366 0.765798
2 0.570717 0.0388343 0.055541 0.0658028 0.713193
3 0.158852 0.67606 0.0468664 0.0680287 0.699617
3 0.229112 0.555884 0.0429916 0.0616439 0.696996
2 0.198452 0.507618 0.0314751 0.0532255 0.683289
2 0.627741 0.257628 0.0465828 0.074276 0.680741
2 0.470922 0.308615 0.0415223 0.0576497 0.594588
3 0.470913 0.30846 0.0411571 0.0570401 0.556896
2 0.201026 0.581371 0.0331102 0.0441296 0.404112
2 0.487238 0.596808 0.0620171 0.0536187 0.882427
2 0.564955 0.401552 0.0440926 0.0706502 0.869101
2 0.815637 0.696199 0.0288995 0.0457684 0.863586
2 0.4473 0.487978 0.0326153 0.0557691 0.825598
2 0.435822 0.54364 0.0425625 0.0615096 0.795117
2 0.311188 0.43741 0.0425229 0.0700323 0.765912
2 0.220741 0.751191 0.0400693 0.074366 0.765798
2 0.570717 0.0388343 0.055541 0.0658028 0.713193
3 0.158852 0.67606 0.0468664 0.0680287 0.699617
3 0.229112 0.555884 0.0429916 0.0616439 0.696996
2 0.198452 0.507618 0.0314751 0.0532255 0.683289
2 0.627741 0.257628 0.0465828 0.074276 0.680741
2 0.470922 0.308615 0.0415223 0.0576497 0.594588
3 0.470913 0.30846 0.0411571 0.0570401 0.556896
2 0.201026 0.581371 0.0331102 0.0441296 0.404112
