1 0.976131 0.128909 0.0477385 0.121093 0.798749
0 0.951183 0.236589 0.0402195 0.0638432 0.79387
0 0.895246 0.577909 0.0785164 0.116321 0.77059
0 0.937732 0.132124 0.0251781 0.0613613 0.760583
0 0.445397 0.233594 0.0291645 0.0521314 0.751058
0 0.948024 0.0970465 0.0226917 0.0257576 0.593186
0 0.967196 0.192648 0.060775 0.0271426 0.556788
1 0.976102 0.129204 0.0477955 0.1222 0.798053
0 0.951253 0.236669 0.0406086 0.0639402 0.791179
0 0.895742 0.577693 0.0774334 0.11578 0.765458
0 0.937669 0.132076 0.0254498 0.0617259 0.762314
0 0.445417 0.233673 0.0296528 0.0523697 0.753377
0 0.948042 0.0971166 0.0228802 0.0260894 0.586161
0 0.967235 0.1927 0.0606133 0.0272523 0.558137
1 0.967597 0.193826 0.0631935 0.0338746 0.284474
1 0.976102 0.129204 0.0477955 0.1222 0.798053
0 0.951253 0.236669 0.0406086 0.0639402 0.791179
0 0.895742 0.577693 0.0774334 0.11578 0.765458
0 0.937669 0.132076 0.0254498 0.0617259 0.762314
0 0.445417 0.233673 0.0296528 0.0523697 0.753377
0 0.948042 0.0971166 0.0228802 0.0260894 0.586161
0 0.967235 0.1927 0.0606133 0.0272523 0.558137
1 0.967597 0.193826 0.0631935 0.0338746 0.284474
1 0.976102 0.129204 0.0477955 0.1222 0.798053
0 0.951253 0.236669 0.0406086 0.0639402 0.791179
0 0.895742 0.577693 0.0774334 0.11578 0.765458
0 0.937669 0.132076 0.0254498 0.0617259 0.762314
0 0.445417 0.233673 0.0296528 0.0523697 0.753377
0 0.948042 0.0971166 0.0228802 0.0260894 0.586161
0 0.967235 0.1927 0.0606133 0.0272523 0.558137
1 0.967597 0.193826 0.0631935 0.0338746 0.284474
