2 0.296053 0.238571 0.025875 0.0558314 0.806819
2 0.404198 0.45659 0.0299616 0.0502685 0.786451
2 0.420441 0.358255 0.0336705 0.0360042 0.776225
2 0.216 0.415335 0.0458183 0.127165 0.752905
2 0.359417 0.370607 0.0312925 0.0822814 0.702145
2 0.469224 0.665212 0.0347448 0.074845 0.691695
2 0.510126 0.686116 0.0506346 0.106293 0.641305
2 0.268128 0.3581 0.0290087 0.0723464 0.624409
4 0.901518 0.267665 0.19587 0.535329 0.546286
2 0.341056 0.25406 0.0156525 0.041239 0.518188
2 0.296079 0.238738 0.026124 0.0564165 0.797656
2 0.420453 0.358278 0.0337482 0.0358364 0.76861
2 0.404205 0.456795 0.0301922 0.051259 0.765917
2 0.215948 0.415555 0.0461034 0.127515 0.746928
2 0.469258 0.665283 0.0346086 0.0747211 0.698837
2 0.359355 0.370627 0.031569 0.082911 0.68954
2 0.510005 0.685839 0.050313 0.105669 0.661334
2 0.268067 0.358728 0.0281471 0.0718532 0.635925
4 0.90122 0.273362 0.19655 0.543892 0.549417
2 0.341026 0.25399 0.0157981 0.0417776 0.399114
2 0.296079 0.238738 0.026124 0.0564165 0.797656
2 0.420453 0.358278 0.0337482 0.0358364 0.76861
2 0.404205 0.456795 0.0301922 0.051259 0.765917
2 0.215948 0.415555 0.0461034 0.127515 0.746928
2 0.469258 0.665283 0.0346086 0.0747211 0.698837
2 0.359355 0.370627 0.031569 0.082911 0.68954
2 0.510005 0.685839 0.050313 0.105669 0.661334
2 0.268067 0.358728 0.0281471 0.0718532 0.635925
4 0.90122 0.273362 0.19655 0.543892 0.549417
2 0.341026 0.25399 0.0157981 0.0417776 0.399114
2 0.296079 0.238738 0.026124 0.0564165 0.797656
2 0.420453 0.358278 0.0337482 0.0358364 0.76861
2 0.404205 0.456795 0.0301922 0.051259 0.765917
2 0.215948 0.415555 0.0461034 0.127515 0.746928
2 0.469258 0.665283 0.0346086 0.0747211 0.698837
2 0.359355 0.370627 0.031569 0.082911 0.68954
2 0.510005 0.685839 0.050313 0.105669 0.661334
2 0.268067 0.358728 0.0281471 0.0718532 0.635925
4 0.90122 0.273362 0.19655 0.543892 0.549417
2 0.341026 0.25399 0.0157981 0.0417776 0.399114
