1 0.436091 0.654611 0.0798674 0.065995 0.750624
1 0.263855 0.494021 0.0600913 0.0556878 0.746871
1 0.340215 0.556626 0.0613448 0.0550255 0.733602
1 0.491946 0.755107 0.0540497 0.0466551 0.432079
1 0.263957 0.493318 0.0602079 0.0560152 0.804534
1 0.340199 0.55665 0.0614594 0.0553666 0.772326
1 0.435914 0.654845 0.0805586 0.0672194 0.756472
1 0.49216 0.755233 0.0536024 0.0461089 0.419241
1 0.263957 0.493318 0.0602079 0.0560152 0.804534
1 0.340199 0.55665 0.0614594 0.0553666 0.772326
1 0.435914 0.654845 0.0805586 0.0672194 0.756472
1 0.49216 0.755233 0.0536024 0.0461089 0.419241
1 0.263957 0.493318 0.0602079 0.0560152 0.804534
1 0.340199 0.55665 0.0614594 0.0553666 0.772326
1 0.435914 0.654845 0.0805586 0.0672194 0.756472
1 0.49216 0.755233 0.0536024 0.0461089 0.419241
