1 0.393084 0.554303 0.0392118 0.0644264 0.856178
1 0.439694 0.679031 0.0468409 0.0788814 0.809359
1 0.398957 0.640281 0.0411728 0.0552834 0.808009
1 0.407366 0.697553 0.0368752 0.0609549 0.798871
1 0.463092 0.603586 0.045797 0.0613244 0.78622
1 0.418937 0.373772 0.0424831 0.0819061 0.784144
1 0.381095 0.708675 0.0284196 0.0623077 0.767827
2 0.395429 0.602201 0.0412945 0.0423097 0.734795
1 0.449191 0.633879 0.0473906 0.045609 0.730744
1 0.204825 0.405785 0.0215809 0.0242039 0.524933
1 0.206785 0.384053 0.0187156 0.0234779 0.343518
1 0.392864 0.554102 0.0399267 0.0644031 0.858385
1 0.439647 0.678972 0.0467605 0.078652 0.811774
1 0.398927 0.640283 0.0410899 0.055288 0.810513
1 0.407364 0.697586 0.0367659 0.0607805 0.803347
1 0.462991 0.603823 0.0454121 0.0607321 0.795184
1 0.419025 0.373413 0.0428523 0.0809761 0.784622
1 0.381119 0.708562 0.0284683 0.0620011 0.77174
2 0.395385 0.6022 0.0413667 0.0423199 0.737438
1 0.449164 0.633894 0.0473284 0.045559 0.73492
1 0.204795 0.405875 0.0211309 0.0238997 0.514578
1 0.206746 0.384031 0.018416 0.0232541 0.33425
1 0.392864 0.554102 0.0399267 0.0644031 0.858385
1 0.439647 0.678972 0.0467605 0.078652 0.811774
1 0.398927 0.640283 0.0410899 0.055288 0.810513
1 0.407364 0.697586 0.0367659 0.0607805 0.803347
1 0.462991 0.603823 0.0454121 0.0607321 0.795184
1 0.419025 0.373413 0.0428523 0.0809761 0.784622
1 0.381119 0.708562 0.0284683 0.0620011 0.77174
2 0.395385 0.6022 0.0413667 0.0423199 0.737438
1 0.449164 0.633894 0.0473284 0.045559 0.73492
1 0.204795 0.405875 0.0211309 0.0238997 0.514578
1 0.206746 0.384031 0.018416 0.0232541 0.33425
1 0.392864 0.554102 0.0399267 0.0644031 0.858385
1 0.439647 0.678972 0.0467605 0.078652 0.811774
1 0.398927 0.640283 0.0410899 0.055288 0.810513
1 0.407364 0.697586 0.0367659 0.0607805 0.803347
1 0.462991 0.603823 0.0454121 0.0607321 0.795184
1 0.419025 0.373413 0.0428523 0.0809761 0.784622
1 0.381119 0.708562 0.0284683 0.0620011 0.77174
2 0.395385 0.6022 0.0413667 0.0423199 0.737438
1 0.449164 0.633894 0.0473284 0.045559 0.73492
1 0.204795 0.405875 0.0211309 0.0238997 0.514578
1 0.206746 0.384031 0.018416 0.0232541 0.33425
