4 0.20633 0.861356 0.412661 0.277214 0.629152
4 0.566746 0.886136 0.347877 0.224586 0.606203
4 0.845553 0.678129 0.131909 0.0801638 0.585588
4 0.591614 0.884642 0.292101 0.230715 0.611669
4 0.845534 0.677809 0.133025 0.0808114 0.590095
4 0.137275 0.875239 0.274373 0.249521 0.534763
4 0.533673 0.71781 0.271202 0.164883 0.303983
4 0.591614 0.884642 0.292101 0.230715 0.611669
4 0.845534 0.677809 0.133025 0.0808114 0.590095
4 0.137275 0.875239 0.274373 0.249521 0.534763
4 0.533673 0.71781 0.271202 0.164883 0.303983
4 0.591614 0.884642 0.292101 0.230715 0.611669
4 0.845534 0.677809 0.133025 0.0808114 0.590095
4 0.137275 0.875239 0.274373 0.249521 0.534763
4 0.533673 0.71781 0.271202 0.164883 0.303983
