3 0.0766567 0.832424 0.0653196 0.0830902 0.921557
1 0.674772 0.477631 0.0789371 0.0696089 0.884868
3 0.584429 0.577084 0.051222 0.0776127 0.883245
2 0.558449 0.678391 0.0471952 0.110537 0.858061
1 0.255165 0.745239 0.0719676 0.161815 0.82355
1 0.776335 0.681981 0.0483228 0.108849 0.823253
3 0.313884 0.812823 0.047061 0.102524 0.800304
0 0.261057 0.222631 0.0711598 0.0704455 0.787938
0 0.612309 0.970306 0.0461208 0.0591191 0.779157
1 0.59607 0.78384 0.0647064 0.154624 0.739859
0 0.683797 0.704674 0.0285095 0.0374831 0.716222
2 0.163505 0.591788 0.0889474 0.182582 0.602467
3 0.16396 0.594279 0.0885811 0.182096 0.538767
1 0.328134 0.0211681 0.0238907 0.0378457 0.318459
3 0.0766567 0.832424 0.0653196 0.0830902 0.921557
1 0.674772 0.477631 0.0789371 0.0696089 0.884868
3 0.584429 0.577084 0.051222 0.0776127 0.883245
2 0.558449 0.678391 0.0471952 0.110537 0.858061
1 0.255165 0.745239 0.0719676 0.161815 0.82355
1 0.776335 0.681981 0.0483228 0.108849 0.823253
3 0.313884 0.812823 0.047061 0.102524 0.800304
0 0.261057 0.222631 0.0711598 0.0704455 0.787938
0 0.612309 0.970306 0.0461208 0.0591191 0.779157
1 0.59607 0.78384 0.0647064 0.154624 0.739859
0 0.683797 0.704674 0.0285095 0.0374831 0.716222
2 0.163505 0.591788 0.0889474 0.182582 0.602467
3 0.16396 0.594279 0.0885811 0.182096 0.538767
1 0.328134 0.0211681 0.0238907 0.0378457 0.318459
